timestep,episode,hip_pos_l,hip_pos_r,exo_pos_l,exo_pos_r,hip_vel_l,hip_vel_r,exo_vel_l,exo_vel_r,act_iliopsoas_l,act_iliopsoas_r,act_glut_l,act_glut_r,muscle_length_iliopsoas_l,muscle_length_iliopsoas_r,muscle_length_glut_l,muscle_length_glut_r,muscle_force_iliopsoas_l,muscle_force_iliopsoas_r,muscle_force_glut_l,muscle_force_glut_r,motor_torque_l,motor_torque_r,pid_output_l,pid_output_r,hip_pos_target_l,hip_pos_target_r,hip_vel_target_l,hip_vel_target_r
179001,179,-0.0,-0.0,-0.0,-0.0,0.0,0.0,0.0,0.0,0.009999999776482582,0.009999999776482582,0.009999999776482582,0.009999999776482582,1.0680413246154785,1.0680413246154785,0.7233718037605286,0.7233718633651733,0.0,0.0,0.0,0.0,0.7607269287109375,-3.8604915142059326,0.00023616055873571117,0.0,0.0,0.00011691116769094612,0.0,-1.0447034592521818
179002,179,0.0025444163475185633,0.0019062719075009227,0.0024835807271301746,0.002456040820106864,-1.7276151180267334,-1.844695806503296,-1.749558687210083,-1.7563730478286743,0.009999999776482582,0.009999999776482582,0.009999999776482582,0.019335253164172173,1.0557200908660889,1.0557200908660889,0.716965913772583,0.7140259146690369,0.0,0.0,0.0,0.0,-0.6841933727264404,-2.2129595279693604,-0.020864511094805666,0.0,0.0,-0.010330123424831429,0.0,-1.0447034592521813
179003,179,-0.0104720089584589,-0.012381380423903465,-0.010571781545877457,-0.010904909111559391,-0.08685477077960968,-0.22401581704616547,-0.08002972602844238,-0.14396578073501587,0.1995202898979187,0.18311285972595215,0.009999999776482582,0.018177948892116547,1.0221045017242432,1.0229322910308838,0.7106485366821289,0.7036131024360657,0.0,0.0,0.0,0.0,-0.41173219680786133,-3.4272754192352295,0.2308551255955525,0.2540025466820225,0.0,-0.020690253406756048,0.0,-0.9984746488223865
179004,179,-0.00867573544383049,-0.01219449657946825,-0.00863754004240036,-0.01007497776299715,0.17069311439990997,-0.009921111166477203,0.191404789686203,0.03597310930490494,0.17017391324043274,0.15329571068286896,0.009999999776482582,0.017166150733828545,0.9897189736366272,0.9916112422943115,0.7044208645820618,0.6938770413398743,0.07958823442459106,0.07685911655426025,0.0,0.0,-1.339704990386963,0.02747058868408203,-0.004006933526078928,0.034130785386078055,0.0,-0.03067499989498059,0.0,-0.9984746488223865
179005,179,-0.007977803237736225,-0.012945843860507011,-0.007644404657185078,-0.011075246147811413,0.0990220159292221,-0.02041209489107132,0.10896023362874985,-0.12384367734193802,0.14310482144355774,0.1297660917043686,0.009999999776482582,0.05114057660102844,0.9830070734024048,0.9858168363571167,0.6982837915420532,0.67872154712677,0.12685902416706085,0.11810091882944107,0.0,0.024299506098031998,-2.0112955570220947,-0.05406379699707031,-0.05694212262363385,-0.007920429711230099,0.0,-0.040614408538753366,0.0,-0.951121543448045
179006,179,-0.0052291532047092915,-0.011117523536086082,-0.005716164596378803,-0.011591387912631035,0.40326938033103943,0.3311411738395691,0.23619656264781952,-0.011814072728157043,0.12166864424943924,0.11093752086162567,0.009999999776482582,0.06973704695701599,0.9824275970458984,0.9854795932769775,0.6922404766082764,0.6784120798110962,0.11888713389635086,0.10955838114023209,0.0,0.03957929089665413,-1.5567004680633545,-2.5962424278259277,-0.07354748801497211,0.0015939267119392739,0.0,-0.050083881914268207,0.0,-0.9469473375514328
179007,179,-0.0010099002392962575,-0.008356278762221336,-0.003713410347700119,-0.011789034120738506,0.4621656537055969,0.24264612793922424,0.22892571985721588,0.04107867181301117,0.10438396036624908,0.09562904387712479,0.04367044195532799,0.1332475244998932,0.9828539490699768,0.9862799048423767,0.6824716925621033,0.6768166422843933,0.10406386852264404,0.0981367975473404,0.02445130981504917,0.06953521072864532,-3.4289371967315674,-2.540634870529175,-0.14984478235951365,-0.049435894950293005,0.0,-0.05955335528978305,0.0,-0.9217848711986326
179008,179,0.0023612482473254204,-0.007797029335051775,-0.0018790316535159945,-0.011787675321102142,0.17540401220321655,-0.15905213356018066,0.1162371039390564,-0.08604475110769272,0.09022722393274307,0.08300691097974777,0.06299089640378952,0.15467244386672974,0.9837605953216553,0.9881209135055542,0.6818377375602722,0.6752779483795166,0.0924825370311737,0.089409239590168,0.034846603870391846,0.07934583723545074,-3.3284997940063477,-2.9896795749664307,-0.16111119973183946,-0.06668864388251677,0.0,-0.06846139646755374,0.0,-0.8901215254393259
179009,179,0.002754060085862875,-0.011185193434357643,-0.0009776231599971652,-0.0133218290284276,-0.025752246379852295,-0.4400966167449951,0.10500800609588623,-0.17413216829299927,0.07850592583417892,0.07249844819307327,0.058491822332143784,0.14905321598052979,0.9851619005203247,0.9907739162445068,0.6818902492523193,0.6740541458129883,0.08137942105531693,0.07970084249973297,0.03332633525133133,0.07736699283123016,-3.7295889854431152,-2.59263277053833,-0.1211687015177932,-0.030463919595349578,0.0,-0.07736261172194747,0.0,-0.8901215254393259
179010,179,0.0024674811866134405,-0.015961362048983574,0.0006780614494346082,-0.014772559516131878,-0.012864843010902405,-0.4869978427886963,0.2200087159872055,-0.12003324180841446,0.06877989321947098,0.06373728811740875,0.05189806967973709,0.1394069343805313,0.9865344166755676,0.9935733675956726,0.682273268699646,0.6730808019638062,0.0706404522061348,0.06993328034877777,0.030106110498309135,0.07285647839307785,-2.8545236587524414,-2.4789834022521973,-0.09042535801906335,-0.0011311856866814199,0.0,-0.0857121705396961,0.0,-0.8279972124860561
179011,179,0.0027479929849505424,-0.020565878599882126,0.0034571802243590355,-0.01639391854405403,0.04585285484790802,-0.4487496614456177,0.29857635498046875,-0.25208356976509094,0.060582034289836884,0.056324660778045654,0.046269409358501434,0.1317053586244583,0.9875574111938477,0.9960818290710449,0.6828678250312805,0.6722889542579651,0.060960642993450165,0.060884032398462296,0.027284614741802216,0.06914329528808594,-2.2774386405944824,-0.4754948616027832,-0.09195839674528984,-0.002540488017257303,0.0,-0.09399214266455713,0.0,-0.8279972124860627
179012,179,0.003861775388941169,-0.0243964996188879,0.006471719592809677,-0.019668102264404297,0.13821935653686523,-0.3653870224952698,0.2552945613861084,-0.4089061915874481,0.05366365984082222,0.050048284232616425,0.041724998503923416,0.12752649188041687,0.9882615804672241,0.9983334541320801,0.6834385395050049,0.6713995933532715,0.053709156811237335,0.05413193628191948,0.02440519444644451,0.06583447754383087,-3.527514934539795,-0.5181598663330078,-0.10560746679726318,-0.01196412615245208,0.0,-0.10174083111555474,0.0,-0.7605743986916399
179013,179,0.004948523361235857,-0.028423503041267395,0.007968665100634098,-0.02474096789956093,0.08922277390956879,-0.42977583408355713,0.07249981164932251,-0.5690242648124695,0.047774165868759155,0.04469064623117447,0.039935097098350525,0.12750007212162018,0.9888479113578796,1.000544548034668,0.6838145852088928,0.6702272295951843,0.04756992682814598,0.04851684346795082,0.0231613889336586,0.06465958803892136,-2.7324211597442627,-0.8889496326446533,-0.12736111008530912,-0.02812390172155574,0.0,-0.10934657510247155,0.0,-0.7605743986916399
179014,179,0.005843627732247114,-0.03294679522514343,0.008168873377144337,-0.030734794214367867,0.07815062999725342,-0.48243194818496704,-0.023186564445495605,-0.6246479153633118,0.042750801891088486,0.0401100292801857,0.03772525116801262,0.1272002011537552,0.9893429279327393,1.0027974843978882,0.6841422319412231,0.6688671112060547,0.04250913858413696,0.04393436387181282,0.021866891533136368,0.0636368989944458,-2.1881699562072754,-0.7371437549591064,-0.1256202117001155,-0.023046880739275365,0.0,-0.11645200517998859,0.0,-0.6878530840560572
179015,179,0.006589489057660103,-0.03805554658174515,0.007669588550925255,-0.03710023686289787,0.056678637862205505,-0.5488880276679993,-0.07624421268701553,-0.6517105102539062,0.038439176976680756,0.036170538514852524,0.03584376722574234,0.12672755122184753,0.9900386333465576,1.0053943395614624,0.684133768081665,0.6670942306518555,0.03916104882955551,0.040949832648038864,0.020008599385619164,0.061135463416576385,-4.33889627456665,-3.029465675354004,-0.12423994671418204,-0.023293140449095518,0.0,-0.12333053602054957,0.0,-0.6878530840560638
179016,179,0.005993842147290707,-0.044932663440704346,0.006119906436651945,-0.04432132467627525,-0.10819503664970398,-0.753433346748352,-0.16849425435066223,-0.7311400175094604,0.03473507985472679,0.032780230045318604,0.03400905057787895,0.12545320391654968,0.9909325242042542,1.0084192752838135,0.6839353442192078,0.6649025678634644,0.035387128591537476,0.03812713176012039,0.019070487469434738,0.058925874531269073,-0.7085955142974854,-5.636093616485596,-0.118727494935861,-0.02169585406081751,0.0,-0.12975031971785705,0.0,-0.6098332685793215
179017,179,0.005012457258999348,-0.053259726613759995,0.004618662875145674,-0.051577530801296234,-0.1000078022480011,-0.9086219668388367,-0.14432621002197266,-0.740893542766571,0.031539544463157654,0.029851034283638,0.030912715941667557,0.11957228183746338,0.9916000366210938,1.0116349458694458,0.6839955449104309,0.6626089215278625,0.03154289349913597,0.03508744388818741,0.017765896394848824,0.05571509152650833,1.5135455131530762,-2.1177196502685547,-0.08830644850673587,0.00410661409376189,0.0,-0.13584865240365068,0.0,-0.6098332685793215
179018,179,0.004832316655665636,-0.062055256217718124,0.0038911853916943073,-0.058985982090234756,-0.004402980208396912,-0.9066600203514099,-0.06212955713272095,-0.8034292459487915,0.028778769075870514,0.027317075058817863,0.028236346319317818,0.11052209883928299,0.9921166300773621,1.0150929689407349,0.6840803623199463,0.6601250767707825,0.028707096353173256,0.03310424089431763,0.01618526130914688,0.05008537322282791,2.218351364135742,-5.105365753173828,-0.06152314126979397,0.0047410495649091895,0.0,-0.14154040171401913,0.0,-0.5265149522614327
179019,179,0.004667043685913086,-0.0721237063407898,0.003161958884447813,-0.06824411451816559,-0.007538154721260071,-1.062245488166809,-0.05719289183616638,-1.00777006149292,0.026390064507722855,0.0251221414655447,0.025919703766703606,0.10225267708301544,0.9925851225852966,1.0188963413238525,0.6841232776641846,0.6572467684745789,0.026380155235528946,0.031422343105077744,0.014754063449800014,0.04470757022500038,0.5563473701477051,-5.7686052322387695,-0.05645167898059947,-0.009336038867477327,0.0,-0.14680555123663386,0.0,-0.5265149522614461
179020,179,0.004368540830910206,-0.08353552967309952,0.002724556950852275,-0.07939457148313522,-0.03444668650627136,-1.192480444908142,-0.016683831810951233,-1.189017415046692,0.02431550808250904,0.02321404032409191,0.023907015100121498,0.09058253467082977,0.993030846118927,1.022947072982788,0.684134304523468,0.6541575789451599,0.024250060319900513,0.02986348792910576,0.013607203960418701,0.038532283157110214,0.4509305953979492,-5.270507335662842,-0.02441167583179754,-0.008628557624761014,0.0,-0.15172687815333405,0.0,-0.43789813510239756
179021,179,0.004059907514601946,-0.09587031602859497,0.002897170139476657,-0.09195622056722641,-0.029071390628814697,-1.2683534622192383,0.038780346512794495,-1.3110764026641846,0.022512739524245262,0.02155451476573944,0.0221574567258358,0.07880686223506927,0.9932981133460999,1.0271779298782349,0.6842876076698303,0.6508758664131165,0.021959971636533737,0.028627578169107437,0.012924551032483578,0.03223142400383949,3.7998247146606445,-6.699669361114502,0.007737845045348246,-0.004082642963621766,0.0,-0.15610585950435826,0.0,-0.43789813510238434
179022,179,0.004422716796398163,-0.10900212824344635,0.0036096686962991953,-0.1054707020521164,0.07005158066749573,-1.362173318862915,0.07812483608722687,-1.4009852409362793,0.020946161821484566,0.032509513199329376,0.020636703819036484,0.06901151686906815,0.9933176636695862,1.029888391494751,0.6846105456352234,0.647292971611023,0.020202577114105225,0.03881905600428581,0.01218569464981556,0.02706977166235447,1.7994284629821777,-4.738624095916748,0.03428445612055661,-0.004352868862915784,0.0,-0.1602143760206611,0.0,-0.3439828171021894
179023,179,0.005287207663059235,-0.12279369682073593,0.004516318440437317,-0.11985468119382858,0.10139067471027374,-1.3937358856201172,0.10185018181800842,-1.4707236289978027,0.01958037167787552,0.06138230860233307,0.020561615005135536,0.0607791393995285,0.9932136535644531,1.0303030014038086,0.6849410533905029,0.6436726450920105,0.018793057650327682,0.06481792777776718,0.012096199207007885,0.023342346772551537,-0.2351665496826172,-1.129312515258789,0.066648361185802,-0.02003538745688274,0.0,-0.16365420419168317,0.0,-0.3439828171021762
179024,179,0.006346027832478285,-0.13606013357639313,0.005822994280606508,-0.1345338374376297,0.10281619429588318,-1.27603280544281,0.14522495865821838,-1.466689109802246,0.018389735370874405,0.0861903503537178,0.025753667578101158,0.05382625758647919,0.9931797981262207,1.0307937860488892,0.6849145293235779,0.6402228474617004,0.01789122447371483,0.09006240963935852,0.014691589400172234,0.02022780291736126,-1.7472851276397705,-2.8846824169158936,0.09157697062600667,-0.026570977449882772,0.0,-0.16690752230085934,0.0,-0.2447689982608348
179025,179,0.006861454341560602,-0.14856848120689392,0.007087931502610445,-0.14924512803554535,0.02262747287750244,-1.2062766551971436,0.12357188761234283,-1.4456578493118286,0.01734820380806923,0.09332090616226196,0.028605150058865547,0.04790483042597771,0.993309497833252,1.0326406955718994,0.6847895383834839,0.6370828151702881,0.0171353742480278,0.10199011117219925,0.016152122989296913,0.017936626449227333,-2.2639071941375732,-2.1482884883880615,0.0948931005713666,-0.029029366283211858,0.0,-0.16935521228346778,0.0,-0.2447689982608348
179026,179,0.006781799718737602,-0.15995879471302032,0.008159632794559002,-0.16280531883239746,-0.032733216881752014,-1.0872687101364136,0.08264058083295822,-1.2652908563613892,0.016440264880657196,0.10211604833602905,0.027277523651719093,0.04286428913474083,0.9935038685798645,1.0346438884735107,0.6847891211509705,0.634338915348053,0.016147848218679428,0.11009781807661057,0.015620757825672626,0.016046345233917236,0.32985687255859375,-2.11531400680542,0.10427206064943992,-0.018169140175450595,0.0,-0.171710943978788,0.0,-0.148723177806131
179027,179,0.006689094938337803,-0.17006048560142517,0.008676301687955856,-0.17394858598709106,0.0012449473142623901,-0.9505853056907654,0.008593454957008362,-0.9922088980674744,0.015645617619156837,0.10534222424030304,0.025087421759963036,0.038540326058864594,0.9936105608940125,1.0367122888565063,0.6849246621131897,0.6320164799690247,0.015244158916175365,0.11360640078783035,0.014510666951537132,0.014635490253567696,0.6737041473388672,-0.7969784736633301,0.10613326800998578,-0.009841363460291177,0.0,-0.1731135107645712,0.0,-0.1402566785783073
179028,179,0.0068703643046319485,-0.17860816419124603,0.008368784561753273,-0.18253152072429657,0.024810701608657837,-0.7766380310058594,-0.06519858539104462,-0.7550910115242004,0.014950044453144073,0.10497557371854782,0.023799564689397812,0.034820958971977234,0.9935718774795532,1.0387121438980103,0.6851526498794556,0.630308985710144,0.01431095227599144,0.11197252571582794,0.013934435322880745,0.013782830908894539,1.9252419471740723,1.3552331924438477,0.1029398937094032,-0.014886460427660496,0.0,-0.17451607755035445,0.0,-0.09165460465571888
179029,179,0.007515395525842905,-0.18492522835731506,0.0076665617525577545,-0.18872381746768951,0.07864410430192947,-0.5284456014633179,-0.08360905945301056,-0.5198991298675537,0.014341901056468487,0.1032123938202858,0.023185929283499718,0.03161856532096863,0.9934936761856079,1.040368914604187,0.6853480339050293,0.6291686296463013,0.01384176965802908,0.10875638574361801,0.013416037894785404,0.01290153618901968,0.6372380256652832,0.2566719055175781,0.09338235192937097,-0.018921269590500743,0.0,-0.17483422086211478,0.0,-0.030495883183302375
179030,179,0.008027685806155205,-0.18935097754001617,0.006673093885183334,-0.19299106299877167,0.038152240216732025,-0.3531985878944397,-0.08265404403209686,-0.33133095502853394,0.01380925253033638,0.09795180708169937,0.027721673250198364,0.02885044366121292,0.9934515953063965,1.0418063402175903,0.6852778196334839,0.6285344958305359,0.013300617225468159,0.10287570208311081,0.015876607969403267,0.012180489487946033,2.17069149017334,-1.0719406604766846,0.06837341913972918,-0.02843665034743026,0.0,-0.17513917969394777,0.0,-0.03049588318328916
179031,179,0.008399723097682,-0.19196532666683197,0.0062848543748259544,-0.19521856307983398,0.03632953017950058,-0.18551921844482422,0.001733444631099701,-0.1324610561132431,0.013342673890292645,0.0912027508020401,0.027191272005438805,0.0264534130692482,0.9932737946510315,1.0430363416671753,0.6855239868164062,0.6283537149429321,0.012526484206318855,0.09503595530986786,0.01605275273323059,0.011594590730965137,5.556645393371582,-1.971191167831421,0.052665457707245275,-0.023548005011398344,0.0,-0.17442464688180706,0.0,0.08431328740960922
179032,179,0.009364165365695953,-0.19296230375766754,0.006945481989532709,-0.19548292458057404,0.13169042766094208,-0.03643261641263962,0.10885518789291382,0.04930231347680092,0.012933463789522648,0.08292568475008011,0.026809636503458023,0.024371957406401634,0.9929158687591553,1.0441253185272217,0.685941755771637,0.6284379959106445,0.011966218240559101,0.0865725427865982,0.01598227024078369,0.010846968740224838,4.868803024291992,-4.075815677642822,0.03479619254480915,-0.024186667550820856,0.0,-0.17358151400771096,0.0,0.08431328740960922
179033,179,0.0107952319085598,-0.19308902323246002,0.0083338413387537,-0.19447897374629974,0.16736187040805817,0.018586110323667526,0.17338840663433075,0.1555326133966446,0.012574998661875725,0.07365339249372482,0.03861027583479881,0.02256455272436142,0.9922824501991272,1.0450693368911743,0.6861095428466797,0.6288254261016846,0.01115464698523283,0.07645347714424133,0.022950517013669014,0.010577003471553326,5.935420989990234,-1.3778495788574219,0.01842491974280419,-0.04060697001637891,0.0,-0.17179431226209094,0.0,0.20412080807174518
179034,179,0.013070252723991871,-0.1919429898262024,0.010742802172899246,-0.19225135445594788,0.2602415978908539,0.17684993147850037,0.27916935086250305,0.2618032693862915,0.012261409312486649,0.0654120147228241,0.047321394085884094,0.0209956094622612,0.9913585782051086,1.0456520318984985,0.6865921020507812,0.6295567154884338,0.0105553874745965,0.06708647310733795,0.028483614325523376,0.010154533199965954,7.232518196105957,-2.169743776321411,0.014974684224399936,-0.04903572415234521,0.0,-0.16975310418137338,0.0,0.20412080807174518
179035,179,0.01611597277224064,-0.18966630101203918,0.013897251337766647,-0.18932469189167023,0.3397463858127594,0.27333006262779236,0.3463664948940277,0.3161187767982483,0.011985495686531067,0.05774613097310066,0.06445144861936569,0.01962408609688282,0.9901129007339478,1.0457760095596313,0.6870548129081726,0.6306688189506531,0.009846952743828297,0.058001212775707245,0.03891879320144653,0.010111433453857899,7.889225482940674,1.0082530975341797,-0.004755445939544235,-0.06777912996010854,0.0,-0.1668532467017202,0.0,0.32892667880310555
179036,179,0.020122269168496132,-0.18584075570106506,0.01791801117360592,-0.18574373424053192,0.43517592549324036,0.45904162526130676,0.4371744692325592,0.38149547576904297,0.011743458919227123,0.051253147423267365,0.08226209878921509,0.01925783045589924,0.988666296005249,1.045425295829773,0.687625527381897,0.6320400238037109,0.009490995667874813,0.05091824382543564,0.049743104726076126,0.010103223845362663,8.131229400634766,-1.8666315078735352,-0.016680263242234972,-0.08611860770033672,0.0,-0.16356397991368896,0.0,0.32892667880310555
179037,179,0.02451075054705143,-0.18116557598114014,0.022398510947823524,-0.18183022737503052,0.4531497061252594,0.4909719228744507,0.47223812341690063,0.4241618514060974,0.011531058698892593,0.04572447016835213,0.10370200127363205,0.04007980599999428,0.9872829914093018,1.04486882686615,0.6880248188972473,0.6327040791511536,0.009587056003510952,0.045461010187864304,0.06175507232546806,0.019250258803367615,5.060100555419922,-4.132384300231934,-0.04355650271469752,-0.10884807682828979,0.0,-0.1595114798994487,0.0,0.45873089960370345
179038,179,0.028396466746926308,-0.17674212157726288,0.027008293196558952,-0.17743459343910217,0.35771995782852173,0.42158007621765137,0.47216108441352844,0.47889843583106995,0.011344467289745808,0.040991898626089096,0.1173563003540039,0.04682616516947746,0.9861977696418762,1.0443528890609741,0.6884065866470337,0.6335567831993103,0.009884851984679699,0.04125360772013664,0.06936976313591003,0.022368373349308968,3.4787845611572266,-5.174858570098877,-0.04799696070288992,-0.12081132169114425,0.0,-0.15492417090341146,0.0,0.45873089960370345
179039,179,0.03131451457738876,-0.17301666736602783,0.031627506017684937,-0.17236469686031342,0.2447582334280014,0.34102022647857666,0.45625168085098267,0.532177209854126,0.01118081621825695,0.03693481907248497,0.11696251481771469,0.04530439153313637,0.9856435060501099,1.044101595878601,0.6888139247894287,0.6343504190444946,0.010535831563174725,0.03799509257078171,0.06842216849327087,0.021386807784438133,0.4113888740539551,-7.645058631896973,-0.03540357221289758,-0.11483622118132189,0.0,-0.1496790415540303,0.0,0.593533470473539
179040,179,0.03261322155594826,-0.17048819363117218,0.035372767597436905,-0.16751299798488617,0.06441854685544968,0.208175927400589,0.29982897639274597,0.44135236740112305,0.011037284508347511,0.03344619274139404,0.11499947309494019,0.04173481464385986,0.9854763150215149,1.043972134590149,0.6890288591384888,0.6350786685943604,0.0105914156883955,0.034562040120363235,0.0670933648943901,0.01994946412742138,1.8446850776672363,-5.765740871429443,-0.01831437455470046,-0.10435434847371652,0.0,-0.14374370684929463,0.0,0.593533470473539
179041,179,0.03314635530114174,-0.16824853420257568,0.037373676896095276,-0.1637510061264038,0.023131057620048523,0.2166711688041687,0.08677023649215698,0.2927778959274292,0.010911313816905022,0.03045875020325184,0.1096799224615097,0.03758043795824051,0.9855287075042725,1.0438644886016846,0.6891652941703796,0.6357702612876892,0.010808813385665417,0.03179009631276131,0.06365863978862762,0.017925815656781197,1.9615983963012695,-6.202296257019043,0.010175258452777142,-0.08055307387607173,0.0,-0.13726596136421879,0.0,0.7333343914125857
179042,179,0.032957565039396286,-0.1663394719362259,0.03707500919699669,-0.16170436143875122,-0.05871168151497841,0.1658463478088379,-0.12506043910980225,0.13344523310661316,0.010800355114042759,0.02910083904862404,0.10452874004840851,0.033993177115917206,0.9856842756271362,1.043638825416565,0.6892394423484802,0.6363730430603027,0.010614067316055298,0.03016187995672226,0.0608692467212677,0.01623551733791828,5.752935409545898,-5.361449718475342,0.01985465954834984,-0.07608914508717134,0.0,-0.1299326174500923,0.0,0.7333343914125989
179043,179,0.032690614461898804,-0.16463424265384674,0.03535016253590584,-0.16068977117538452,-0.026899855583906174,0.15212656557559967,-0.22164146602153778,0.06207944452762604,0.01070310827344656,0.038443513214588165,0.0984158143401146,0.030905229970812798,0.9857851266860962,1.0421935319900513,0.689393937587738,0.6368564367294312,0.010455582290887833,0.03728070482611656,0.057589925825595856,0.014658775180578232,6.727108955383301,-4.617844581604004,0.0400440990657482,-0.06409430499421433,0.0,-0.12218226902876772,0.0,0.8781336624208899
179044,179,0.03257044032216072,-0.1631939709186554,0.032874155789613724,-0.16029959917068481,-0.004062779247760773,0.13325974345207214,-0.26866328716278076,0.01966162398457527,0.010617665946483612,0.05435207486152649,0.09401451051235199,0.028233522549271584,0.9858616590499878,1.039843201637268,0.6895328164100647,0.637324333190918,0.010425757616758347,0.05020342767238617,0.054779354482889175,0.013628226704895496,5.449361801147461,-1.6974854469299316,0.057278947289379815,-0.06898599001811817,0.0,-0.11340093240455851,0.0,0.8781336624208832
179045,179,0.032431356608867645,-0.16147498786449432,0.030326060950756073,-0.16008886694908142,-0.03283100202679634,0.19797909259796143,-0.2224435806274414,0.022437602281570435,0.010542646050453186,0.07274330407381058,0.09087228775024414,0.02591903880238533,0.9860405921936035,1.037014126777649,0.6895214915275574,0.6380472779273987,0.010542007163167,0.06486708670854568,0.05245974659919739,0.013064809143543243,4.992275238037109,0.8165383338928223,0.07653142298722476,-0.07282261199550702,0.0,-0.10433799424643149,0.0,1.0279312834984118
179046,179,0.03188499063253403,-0.1586666703224182,0.028878943994641304,-0.15953786671161652,-0.08015855401754379,0.343267560005188,-0.08565783500671387,0.08492715656757355,0.010476794093847275,0.08297635614871979,0.08763638138771057,0.023911170661449432,0.9864926338195801,1.0344617366790771,0.6892525553703308,0.6392537951469421,0.010974915698170662,0.07381308078765869,0.04970211535692215,0.012814739719033241,1.1188554763793945,4.986567497253418,0.08529250630604926,-0.0688778382842429,0.0,-0.09405868141144695,0.0,1.0279312834984118
179047,179,0.03030872344970703,-0.1540968120098114,0.028394384309649467,-0.15773165225982666,-0.21524807810783386,0.5455595850944519,-0.026555761694908142,0.29639101028442383,0.010418967343866825,0.08257599920034409,0.0837973952293396,0.022166036069393158,0.9873504638671875,1.0324620008468628,0.6886363625526428,0.6410257816314697,0.011439163237810135,0.07438330352306366,0.04660061374306679,0.012684118933975697,0.27358293533325195,5.562691688537598,0.08021410057390882,-0.06132367334561423,0.0,-0.08364316671596361,0.0,1.1701872978806114
179048,179,0.027474313974380493,-0.14770987629890442,0.02808249555528164,-0.15306486189365387,-0.3410411775112152,0.7208225131034851,-0.04357767850160599,0.6254326701164246,0.010368135757744312,0.08018369972705841,0.07726157456636429,0.02064552903175354,0.9886630773544312,1.0305792093276978,0.687705934047699,0.643123984336853,0.011893478222191334,0.07236117869615555,0.04229254648089409,0.012175285257399082,-0.8995985984802246,0.7683753967285156,0.06603074363501629,-0.03851388483541087,0.0,-0.07181589416951127,0.0,1.1827272546451713
179049,179,0.02326037362217903,-0.14046978950500488,0.026584304869174957,-0.1456218808889389,-0.4558786451816559,0.7639092206954956,-0.24738633632659912,0.8591299653053284,0.010323360562324524,0.07617849111557007,0.06833234429359436,0.01931641809642315,0.9900287389755249,1.0286140441894531,0.6868594884872437,0.6455453038215637,0.01155934575945139,0.06795451045036316,0.03781232237815857,0.012080595828592777,3.286881446838379,1.2542295455932617,0.052376403198269306,-0.014525587253738197,0.0,-0.05998862162305875,0.0,1.2534841709393707
179050,179,0.019325068220496178,-0.13194341957569122,0.023149894550442696,-0.13578443229198456,-0.3686748743057251,0.9073924422264099,-0.4306783080101013,1.0575824975967407,0.01062070019543171,0.07388714700937271,0.060209665447473526,0.0181590486317873,0.9911465048789978,1.0262006521224976,0.6861944794654846,0.6483572721481323,0.011619474738836288,0.06398232281208038,0.03338899090886116,0.012033794075250626,3.9856672286987305,2.579989433288574,0.06012300974532528,0.010662706128787253,0.0,-0.04658260037750543,0.0,1.3425215758611548
179051,179,0.015961511060595512,-0.12203466147184372,0.018251705914735794,-0.12451281398534775,-0.3196331262588501,1.0528895854949951,-0.534264087677002,1.1741613149642944,0.010545224882662296,0.07054997235536575,0.05333539843559265,0.01714766025543213,0.9923269748687744,1.0233873128890991,0.6854513883590698,0.6515337824821472,0.011837389320135117,0.05985412001609802,0.02903822250664234,0.01209515891969204,0.3583645820617676,3.6341309547424316,0.05037393887342129,0.005066249936353413,0.0,-0.033157384618893164,0.0,1.3425215758611548
179052,179,0.012261124327778816,-0.11080772429704666,0.012460519559681416,-0.11245058476924896,-0.3951491117477417,1.191760540008545,-0.5963791608810425,1.2437269687652588,0.010479006916284561,0.06633898615837097,0.04750024899840355,0.016264837235212326,0.9937061667442322,1.020186424255371,0.6844809055328369,0.6551613211631775,0.012022355571389198,0.05496934801340103,0.025346869602799416,0.01222109142690897,-0.20350217819213867,4.286787509918213,0.040584277579611,0.004117871827911582,0.0,-0.01826882973418353,0.0,1.507314247146373
179053,179,0.007938900031149387,-0.09800545126199722,0.0065498799085617065,-0.09955865889787674,-0.46182307600975037,1.3584856986999512,-0.5672725439071655,1.3342673778533936,0.020895646885037422,0.061244312673807144,0.042529504746198654,0.0154943922534585,0.9938747882843018,1.0166285037994385,0.6831783652305603,0.6591899991035461,0.02166207693517208,0.0496240071952343,0.021895695477724075,0.012339837849140167,-1.8768203258514404,4.212808609008789,0.02959828573660006,0.022600820630323135,0.0,-0.0031956872627189777,0.0,1.5073142471463747
179054,179,0.0026210739742964506,-0.08383619040250778,0.0010725073516368866,-0.08583277463912964,-0.5760639905929565,1.480328917503357,-0.5193672776222229,1.4247275590896606,0.038130417466163635,0.054762646555900574,0.03826044499874115,0.014819128438830376,0.993297278881073,1.0127729177474976,0.6815990805625916,0.663606584072113,0.03781836852431297,0.043313123285770416,0.019268792122602463,0.012517093680799007,-0.9170198440551758,4.724929332733154,0.013934563322573451,0.04108758586226031,0.0,0.013167383123319446,0.0,1.671013178378493
179055,179,-0.0032559011597186327,-0.06830386072397232,-0.0038732795510441065,-0.07085571438074112,-0.594219446182251,1.6098023653030396,-0.48349690437316895,1.5617622137069702,0.06381762027740479,0.048718832433223724,0.03458704054355621,0.01422764640301466,0.99195796251297,1.0085344314575195,0.6799296736717224,0.6683540344238281,0.0609915629029274,0.03719263896346092,0.017124617472290993,0.012662186287343502,-1.6043949127197266,5.27315616607666,0.0030140964568481365,0.06880695368396118,0.0,0.029877514907105517,0.0,1.6710131783784947
179056,179,-0.00920854788273573,-0.051632627844810486,-0.008751409128308296,-0.05452882871031761,-0.5832396745681763,1.7149454355239868,-0.4967993497848511,1.696557641029358,0.07985587418079376,0.043562643229961395,0.03141910210251808,0.01370957586914301,0.9914662837982178,1.003854751586914,0.6783079504966736,0.6733741164207458,0.07825623452663422,0.03190150111913681,0.015484480187296867,0.012773973867297173,-2.6221728324890137,5.5741286277771,-0.009832359718262712,0.08334934031357988,0.0,0.047538699481011915,0.0,1.8092500090681671
179057,179,-0.014888273552060127,-0.034005600959062576,-0.013999955728650093,-0.03692110255360603,-0.546747088432312,1.8021236658096313,-0.5514986515045166,1.8149681091308594,0.09109270572662354,0.039150942116975784,0.028683191165328026,0.019490135833621025,0.9915006160736084,0.9987195730209351,0.67695552110672,0.6783767938613892,0.08964373916387558,0.027410443872213364,0.014451464638113976,0.016755059361457825,-0.4332876205444336,5.327463150024414,-0.020416009280033676,0.09379183897515758,0.0,0.06563119957169428,0.0,1.8092500090681671
179058,179,-0.019576502963900566,-0.015488263219594955,-0.01958746463060379,-0.01809617318212986,-0.4077260494232178,1.8835774660110474,-0.5719385743141174,1.929395318031311,0.09816920012235641,0.03536113724112511,0.026314109563827515,0.02755126915872097,0.9916756749153137,0.9932581782341003,0.6760510206222534,0.6833722591400146,0.09625034034252167,0.023952556774020195,0.013706034980714321,0.022200673818588257,1.8395638465881348,3.6159205436706543,-0.02894010356117943,0.09997516786446795,0.0,0.0843509807709921,0.0,1.915932649093066
179059,179,-0.022740159183740616,0.0033603545743972063,-0.02512148767709732,0.0015352779300883412,-0.24640394747257233,1.8797401189804077,-0.5135906934738159,1.9830200672149658,0.09677931666374207,0.03208814188838005,0.02425415813922882,0.03603566810488701,0.9922099709510803,0.9876142740249634,0.6755461692810059,0.6883620619773865,0.09666585922241211,0.020942267030477524,0.01288793794810772,0.028314463794231415,0.3153419494628906,5.513889789581299,-0.0374942246788339,0.08889000089606269,0.0,0.10351030726192348,0.0,1.915932649093066
179060,179,-0.024703755974769592,0.02240019664168358,-0.029136428609490395,0.021523892879486084,-0.16057778894901276,1.9124735593795776,-0.29188406467437744,1.99920654296875,0.09300865232944489,0.029259093105793,0.02246297150850296,0.03566383942961693,0.993040919303894,0.9819071292877197,0.675166666507721,0.6936781406402588,0.09401115030050278,0.018721330910921097,0.011957903392612934,0.028584953397512436,-1.9245576858520508,3.7494516372680664,-0.033170451673742274,0.0714738012268208,0.0,0.12303625156129451,0.0,1.9910610984531851
179061,179,-0.02636040188372135,0.04119737818837166,-0.031069384887814522,0.04124892130494118,-0.14981669187545776,1.8668286800384521,-0.102271668612957,1.9594035148620605,0.08857057243585587,0.02680482715368271,0.020901095122098923,0.035438358783721924,0.9939308762550354,0.9760885238647461,0.6749671697616577,0.6990784406661987,0.08914508670568466,0.016261184588074684,0.011360477656126022,0.02922886610031128,-1.557093858718872,6.880784034729004,-0.03392799658104112,0.06302114614984021,0.0,0.14294686254582778,0.0,1.9910610984531982
179062,179,-0.02731470577418804,0.060412295162677765,-0.03110692650079727,0.06080060079693794,-0.062278855592012405,1.947757601737976,0.05427367985248566,1.9316980838775635,0.08515024185180664,0.024676939472556114,0.01954076625406742,0.033707886934280396,0.9945749044418335,0.9698576331138611,0.67499840259552,0.7048675417900085,0.08440807461738586,0.013627175241708755,0.01085625123232603,0.02921152673661709,-1.8500518798828125,11.140863418579102,-0.022079696860365983,0.0652474814443849,0.0,0.1630265364199532,0.0,2.034635357148537
179063,179,-0.027458658441901207,0.08087819814682007,-0.029960229992866516,0.07999882102012634,0.012802437879145145,2.1056556701660156,0.14571206271648407,1.900261402130127,0.08070826530456543,0.022829443216323853,0.018355024978518486,0.033164408057928085,0.9950411915779114,0.9631758332252502,0.6751883029937744,0.7109023928642273,0.0795983374118805,0.011674441397190094,0.010455582290887833,0.029368801042437553,-1.1287462711334229,9.887590408325195,-0.029496950024358093,0.054571707898285235,0.0,0.18337288999143994,0.0,2.034635357148537
179064,179,-0.02699720859527588,0.10218758136034012,-0.028342342004179955,0.09918378293514252,0.0782092958688736,2.148449420928955,0.17514845728874207,1.9591299295425415,0.0754597932100296,0.021223241463303566,0.017320603132247925,0.04815412685275078,0.9954178929328918,0.9564537405967712,0.6755470633506775,0.7160335183143616,0.07407470047473907,0.010819124057888985,0.010092965327203274,0.03972215950489044,0.13086795806884766,3.9513659477233887,-0.05089401317436065,0.04414659238187596,0.0,0.2037538599150021,0.0,2.046655425179096
179065,179,-0.02593478001654148,0.12263581156730652,-0.026751959696412086,0.11911432445049286,0.15012149512767792,1.978340744972229,0.1643766462802887,2.0383565425872803,0.06956551223993301,0.01982162706553936,0.016415277495980263,0.05525820702314377,0.9956677556037903,0.9501481652259827,0.6761139035224915,0.7209897041320801,0.06790889799594879,0.010366125963628292,0.00975685566663742,0.0451359897851944,-1.058269739151001,3.2207202911376953,-0.0565580770561277,0.03395260816207156,0.0,0.22422041416679456,0.0,2.046655425179109
179066,179,-0.024184850975871086,0.1415153294801712,-0.025080736726522446,0.13954144716262817,0.20405514538288116,1.8213039636611938,0.18063984811306,2.0395984649658203,0.06283807754516602,0.018598027527332306,0.015622888691723347,0.051639899611473083,0.9957907199859619,0.944267749786377,0.6769070029258728,0.7260833382606506,0.06083565577864647,0.009842855855822563,0.009631020948290825,0.043084513396024704,0.2042245864868164,4.369926452636719,-0.028638282480245525,0.02155961671611294,0.0,0.24465024661447587,0.0,2.0271213025449013
179067,179,-0.021569998934864998,0.15926839411258698,-0.02291123755276203,0.15978793799877167,0.3010161519050598,1.7357689142227173,0.24386043846607208,1.996630311012268,0.055638961493968964,0.017532916739583015,0.01493153627961874,0.04605897143483162,0.9957530498504639,0.9385833144187927,0.6779091358184814,0.7311871647834778,0.05357621982693672,0.008907867595553398,0.009417461231350899,0.03955976292490959,-0.12540459632873535,7.4370598793029785,0.00016874754477508302,0.010453408116009085,0.0,0.2649214596399257,0.0,2.0271213025449146
179068,179,-0.018271014094352722,0.17671018838882446,-0.02008470520377159,0.17895030975341797,0.3469395041465759,1.746414065361023,0.31380152702331543,1.8207356929779053,0.0494542233645916,0.02008918672800064,0.014325227588415146,0.041278041899204254,0.9956559538841248,0.932427704334259,0.6788395047187805,0.7362884879112244,0.047789447009563446,0.010368182323873043,0.008854975923895836,0.03635502606630325,-3.7483489513397217,8.70755672454834,0.020462985128154643,-0.008889046965632585,0.0,0.2851477210864073,0.0,1.9801716321007514
179069,179,-0.01534842886030674,0.19422532618045807,-0.01679362915456295,0.19594694674015045,0.2637360692024231,1.7657583951950073,0.35335633158683777,1.6188191175460815,0.04419149085879326,0.025241822004318237,0.020979171618819237,0.037183977663517,0.9956979751586914,0.9258108139038086,0.6791902780532837,0.7413986921310425,0.04317021369934082,0.013981843367218971,0.012102441862225533,0.03355105221271515,-5.73299503326416,8.884501457214355,0.026067240941654635,-0.0220100992009975,0.0,0.30490805097886725,0.0,1.9760329892459265
179070,179,-0.013431336730718613,0.2119217962026596,-0.01328644435852766,0.21136829257011414,0.1400308609008789,1.781980276107788,0.35326653718948364,1.4932440519332886,0.039694368839263916,0.029511060565710068,0.020243069157004356,0.033666547387838364,0.9959514737129211,0.9192498326301575,0.6795339584350586,0.7464235424995422,0.03917809948325157,0.01753171533346176,0.011638140305876732,0.03078111633658409,-4.403553009033203,6.366324424743652,0.03026483676202818,-0.015067785850260404,0.0,0.32466838087132777,0.0,1.9394388932179145
179071,179,-0.01237995270639658,0.2293444722890854,-0.010147018358111382,0.22627849876880646,0.08136662095785141,1.7054646015167236,0.25792407989501953,1.5205739736557007,0.035813022404909134,0.032498009502887726,0.01896604709327221,0.030617190524935722,0.9962687492370605,0.913051426410675,0.6798478364944458,0.7511956095695496,0.03529753535985947,0.0203924011439085,0.010958400554955006,0.02830871194601059,-3.1263113021850586,6.318149566650391,0.03296008667234018,-7.756212959066089e-05,0.0,0.34361221275165393,0.0,1.8933904852821584
179072,179,-0.011517326347529888,0.24600718915462494,-0.00837851781398058,0.24206866323947906,0.083250492811203,1.630344033241272,0.102048359811306,1.6157567501068115,0.03247300907969475,0.047542400658130646,0.017852745950222015,0.027982570230960846,0.9966498017311096,0.9060207009315491,0.6800084114074707,0.7556443810462952,0.03241601213812828,0.03092808648943901,0.01002526842057705,0.025989258661866188,-5.562983512878418,5.538673400878906,0.050123928300102094,0.006866904867347331,0.0,0.3625461176044769,0.0,1.8933904852821584
179073,179,-0.011303943581879139,0.2616986334323883,-0.008322947658598423,0.25823238492012024,-0.01542604062706232,1.539725422859192,-0.055999431759119034,1.6216835975646973,0.029592866078019142,0.06341411918401718,0.016881827265024185,0.025702808052301407,0.9971898794174194,0.8989710807800293,0.6799589395523071,0.7599707245826721,0.029839128255844116,0.042199790477752686,0.00926336832344532,0.024419814348220825,-5.169340133666992,7.253298759460449,0.06659545926145904,0.005089417898561805,0.0,0.3804659695263191,0.0,1.7791937906536368
179074,179,-0.01173730194568634,0.2772607207298279,-0.009332537651062012,0.2744899094104767,-0.0773492082953453,1.5677987337112427,-0.14436675608158112,1.6179313659667969,0.028330273926258087,0.08284851908683777,0.01603284664452076,0.023722652345895767,0.9976083636283875,0.8916147351264954,0.6798798441886902,0.7643938064575195,0.02799270860850811,0.05482127144932747,0.0089394086971879,0.023181485012173653,-0.44796109199523926,7.096729278564453,0.08712042355632774,0.01969021125463769,0.0,0.39825790743285616,0.0,1.7791937906536368
179075,179,-0.012086467817425728,0.2933172583580017,-0.010915720835328102,0.29074153304100037,-0.023417241871356964,1.6258316040039062,-0.18399125337600708,1.6149548292160034,0.029843103140592575,0.08692498505115509,0.015289022587239742,0.021997788920998573,0.9975306391716003,0.8851353526115417,0.6798909902572632,0.7689284682273865,0.028709400445222855,0.05974441394209862,0.008589806035161018,0.022138522937893867,0.5071640014648438,7.202341556549072,0.08782494171254132,0.030080149171408263,0.0,0.41490134587089567,0.0,1.6334429053603086
179076,179,-0.012129882350564003,0.30980777740478516,-0.012897348031401634,0.30679720640182495,0.004694423638284206,1.6644539833068848,-0.2051933854818344,1.5985968112945557,0.028962355107069016,0.086269311606884,0.014640295878052711,0.020501313731074333,0.9974322319030762,0.8791247010231018,0.6800975203514099,0.7736918926239014,0.027743753045797348,0.05925402417778969,0.008569507859647274,0.02141663432121277,4.052472114562988,8.92550277709961,0.08243416435083276,0.022930415307637304,0.0,0.4312357749245,0.0,1.633442905360335
179077,179,-0.011367970146238804,0.3270845115184784,-0.014240224845707417,0.32317644357681274,0.11503203213214874,1.7626402378082275,-0.06765779107809067,1.6627963781356812,0.02770240232348442,0.08487771451473236,0.014072234742343426,0.019196726381778717,0.9972654581069946,0.8731306195259094,0.6804582476615906,0.7784948348999023,0.02648484706878662,0.05823104456067085,0.008309945464134216,0.020350685343146324,3.553941249847412,6.220288276672363,0.07671307978302355,0.019043092194478955,0.0,0.446396542484307,0.0,1.4628495935163963
179078,179,-0.01020419504493475,0.3444221019744873,-0.014204281382262707,0.33989936113357544,0.13103793561458588,1.7206308841705322,0.08662442862987518,1.6951695680618286,0.02545541524887085,0.08116736263036728,0.01357264444231987,0.018053721636533737,0.9969685077667236,0.8672295808792114,0.6810779571533203,0.783392608165741,0.023894241079688072,0.05504407733678818,0.00849138479679823,0.019837824627757072,5.863971710205078,9.668440818786621,0.05936747578878421,0.0011959859146736564,0.0,0.46102503841947134,0.0,1.4628495935163697
179079,179,-0.007988516241312027,0.3623398542404175,-0.012088390998542309,0.3574918508529663,0.27301543951034546,1.822911024093628,0.2885429561138153,1.78929603099823,0.02350730448961258,0.07824258506298065,0.013135513290762901,0.017057068645954132,0.9963608384132385,0.8611348867416382,0.6819823980331421,0.7883941531181335,0.0215680580586195,0.05212678015232086,0.008476171642541885,0.019165251404047012,5.384480953216553,8.94559383392334,0.060872930418568394,-0.0033283659094013283,0.0,0.47466225315573274,0.0,1.2942609115783388
179080,179,-0.004869901575148106,0.38063257932662964,-0.008585605770349503,0.3755874037742615,0.35256800055503845,1.839672327041626,0.4055737257003784,1.8313672542572021,0.021812478080391884,0.07250942289829254,0.02676844596862793,0.016185734421014786,0.9954445362091064,0.8550868630409241,0.6825073957443237,0.7934355139732361,0.01955578848719597,0.048042234033346176,0.0163018349558115,0.01864420622587204,3.728973865509033,9.875652313232422,0.0380859232904342,-0.02889657877618447,0.0,0.487604862271517,0.0,1.2942609115783388
179081,179,-0.0011218376457691193,0.3991994559764862,-0.004058475140482187,0.3940902352333069,0.3946830630302429,1.8754371404647827,0.49309757351875305,1.8702408075332642,0.020337574183940887,0.06592477858066559,0.04391344636678696,0.01542419008910656,0.9943325519561768,0.8491581678390503,0.6829755306243896,0.7984026670455933,0.017922574654221535,0.04363409802317619,0.026326697319746017,0.01782962866127491,4.819290637969971,6.161761283874512,0.02569387547504587,-0.046969294233713293,0.0,0.49976731382613976,0.0,1.1343886236603582
179082,179,0.00295278150588274,0.41745859384536743,0.0010114161996170878,0.4127159118652344,0.42639249563217163,1.7981693744659424,0.5262593030929565,1.861634612083435,0.01905069500207901,0.058182697743177414,0.05806029587984085,0.014757249504327774,0.9930887222290039,0.8435627818107605,0.6836398839950562,0.8031630516052246,0.016630638390779495,0.03860393539071083,0.03482277691364288,0.017046120017766953,4.067997932434082,5.892095565795898,0.008121407516792467,-0.06076024471083656,0.0,0.5111112000627438,0.0,1.1343886236603318
179083,179,0.007254620548337698,0.4350713789463043,0.006368956994265318,0.4311138391494751,0.4339940547943115,1.7307835817337036,0.5424074530601501,1.8165802955627441,0.01792830228805542,0.051629770547151566,0.07099982351064682,0.014173646457493305,0.9919008016586304,0.838281512260437,0.6842912435531616,0.8075863122940063,0.01578488014638424,0.03439554572105408,0.042205970734357834,0.01619274541735649,2.639000415802002,3.236098289489746,0.006796336243994228,-0.07372495353454724,0.0,0.5218686195878877,0.0,0.9832327297624018
179084,179,0.01118402648717165,0.4514605700969696,0.011535249650478363,0.4486292600631714,0.3739146292209625,1.5785517692565918,0.505810558795929,1.7046400308609009,0.01694973185658455,0.04606302082538605,0.08120135962963104,0.01366334967315197,0.990896999835968,0.8334296345710754,0.684866189956665,0.8115975856781006,0.015183607116341591,0.030924584716558456,0.04787706211209297,0.015345132909715176,1.3086938858032227,2.498745918273926,0.0032758809059896254,-0.0836139579047449,0.0,0.5317009468855123,0.0,0.9832327297624018
179085,179,0.014444651082158089,0.4663955569267273,0.016122683882713318,0.4648929536342621,0.2923658490180969,1.4232159852981567,0.4119352400302887,1.5551724433898926,0.016093935817480087,0.041822198778390884,0.08239629119634628,0.01321596559137106,0.9901747107505798,0.8288990259170532,0.6854974031448364,0.8152990341186523,0.014872727915644646,0.02786990813910961,0.04837550222873688,0.014787958934903145,-1.0573434829711914,5.437319278717041,0.013969757680604877,-0.08268453647615388,0.0,0.5411230655333381,0.0,0.8407932298844696
179086,179,0.01678440347313881,0.48034003376960754,0.019565429538488388,0.4796465039253235,0.18004654347896576,1.3601458072662354,0.2694976329803467,1.3903608322143555,0.01534237526357174,0.039723481982946396,0.08165127038955688,0.01282223965972662,0.9897994995117188,0.8243374228477478,0.6859341263771057,0.8188641667366028,0.014591049402952194,0.025858774781227112,0.04747989773750305,0.014408133924007416,-0.7575297355651855,7.282710075378418,0.025878725030653804,-0.07726236165734007,0.0,0.5495309978321831,0.0,0.8407932298844696
179087,179,0.018139367923140526,0.49389374256134033,0.021416617557406425,0.4927043914794922,0.08929187059402466,1.338875651359558,0.10504551231861115,1.2290397882461548,0.014685695990920067,0.0378386415541172,0.07930918037891388,0.012477549724280834,0.9898287057876587,0.8198473453521729,0.6860644221305847,0.822256326675415,0.014634432271122932,0.02469560131430626,0.04516106843948364,0.013890201225876808,-2.9408419132232666,6.984550952911377,0.02531034615472222,-0.06542965867789462,0.0,0.557687546754851,0.0,0.7070701240266409
179088,179,0.018077539280056953,0.5068106055259705,0.02141687460243702,0.5042175650596619,-0.08153347671031952,1.2530410289764404,-0.08233017474412918,1.1044169664382935,0.014110520482063293,0.03512205928564072,0.07580505311489105,0.012175135314464569,0.9903045296669006,0.8157098293304443,0.6858290433883667,0.8254156708717346,0.014596340246498585,0.023218335583806038,0.04252895340323448,0.013379303738474846,-1.8701457977294922,6.590263843536377,0.016952144546466624,-0.0548891740036197,0.0,0.5647582479951174,0.0,0.707070124026588
179089,179,0.016687951982021332,0.5188688635826111,0.01982155442237854,0.5151160359382629,-0.1901814490556717,1.1614737510681152,-0.2259351760149002,1.0817352533340454,0.013606559485197067,0.03306490555405617,0.0692339539527893,0.011909772641956806,0.9911127686500549,0.8118213415145874,0.6854080557823181,0.8283903002738953,0.01452547125518322,0.021688632667064667,0.03843637928366661,0.013060620985925198,-1.6875243186950684,9.033031463623047,0.01921319973039093,-0.029503265407402064,0.0,0.5717189583447877,0.0,0.5921901535381006
179090,179,0.014307068660855293,0.5303404331207275,0.01696360670030117,0.5259656310081482,-0.2861778438091278,1.1239625215530396,-0.3418003022670746,1.080430030822754,0.013164462521672249,0.03159333020448685,0.061063479632139206,0.011676685884594917,0.9923462867736816,0.8080862760543823,0.6846774220466614,0.831155002117157,0.014742414467036724,0.020857466384768486,0.033048760145902634,0.012623550370335579,-3.479149341583252,8.105912208557129,0.021646458124815388,-0.01076065399916843,0.0,0.5775395924666755,0.0,0.582063412188757
179091,179,0.010482504963874817,0.5410030484199524,0.01276259496808052,0.5364900827407837,-0.44800370931625366,1.0300618410110474,-0.47305095195770264,1.0367563962936401,0.012778563424944878,0.029732780531048775,0.054090715944767,0.011472990736365318,0.9939996004104614,0.8046399354934692,0.6835424304008484,0.8337481617927551,0.014794315211474895,0.019677069038152695,0.028492825105786324,0.012317956425249577,-3.4204912185668945,8.607280731201172,0.017031667588976646,0.008114430482964965,0.0,0.5833602265885636,0.0,0.530570066110839
179092,179,0.005412086378782988,0.551056444644928,0.007536208722740412,0.5466854572296143,-0.5625802874565125,0.97939133644104,-0.5714278817176819,0.9980975985527039,0.03602259233593941,0.02850084938108921,0.04814654961228371,0.011293737217783928,0.9927117824554443,0.8013136982917786,0.6821427345275879,0.836203396320343,0.03468581289052963,0.0188104510307312,0.02492106705904007,0.012022355571389198,0.2528667449951172,7.7130126953125,0.02007551613152142,0.0398277876037173,0.0,0.5880319263392187,0.0,0.46577309437097664
179093,179,-3.810226553468965e-05,0.56060791015625,0.0015223287045955658,0.5565252304077148,-0.5368123054504395,0.9241222143173218,-0.6353949308395386,0.957341730594635,0.06220710650086403,0.027128402143716812,0.043066687881946564,0.011136212386190891,0.9909543991088867,0.7982422113418579,0.6807268857955933,0.8384374380111694,0.05862214043736458,0.01820714958012104,0.022184021770954132,0.011610141955316067,0.8410072326660156,6.654086112976074,0.01771742550725164,0.06704686976736411,0.0,0.5926896572829289,0.0,0.46577309437097664
179094,179,-0.005159555468708277,0.5693163871765137,-0.0051094647496938705,0.5656489133834839,-0.483318954706192,0.8242136836051941,-0.6801376938819885,0.8701175451278687,0.07202766835689545,0.02559512108564377,0.038718756288290024,0.010998032987117767,0.9906495809555054,0.7955206632614136,0.6795247197151184,0.8404493927955627,0.0708584189414978,0.01740236207842827,0.02015543170273304,0.011287007480859756,1.0560297966003418,7.186083793640137,0.015025522338499714,0.0740828118003992,0.0,0.5963921447051075,0.0,0.35819917057324685
179095,179,-0.009503846988081932,0.5771915316581726,-0.01168727409094572,0.5738813877105713,-0.3995908200740814,0.7494155764579773,-0.6194348931312561,0.7748618721961975,0.07559100538492203,0.02493654191493988,0.03498820587992668,0.01087691355496645,0.9911372065544128,0.7929632067680359,0.6785764694213867,0.8423091769218445,0.0757891982793808,0.016891391947865486,0.018326325342059135,0.01108851283788681,0.8856511116027832,8.90032958984375,0.020371986300943,0.07640490670448342,0.0,0.59997413641084,0.0,0.35819917057324685
179096,179,-0.013137094676494598,0.5845272541046143,-0.0169460941106081,0.5811911821365356,-0.33878371119499207,0.7095040082931519,-0.4367848336696625,0.6829034686088562,0.07518194615840912,0.024561015889048576,0.03176502883434296,0.010770360007882118,0.9920362234115601,0.7904444336891174,0.6778153777122498,0.8441104888916016,0.07622379064559937,0.016515960916876793,0.016747547313570976,0.011007953435182571,0.36245107650756836,10.761346817016602,0.021959138121403696,0.0727243464881758,0.0,0.6027771426567027,0.0,0.25934164079556765
179097,179,-0.016184242442250252,0.5916915535926819,-0.020262455567717552,0.5877325534820557,-0.27937909960746765,0.7081833481788635,-0.2547118067741394,0.6274251937866211,0.07460606843233109,0.023846738040447235,0.028985224664211273,0.010676959529519081,0.9929404258728027,0.7879467606544495,0.6772323846817017,0.8459129929542542,0.075169138610363,0.01590648666024208,0.015438726171851158,0.010971819050610065,0.18039226531982422,12.155017852783203,0.018878127368356354,0.07113251742666762,0.0,0.6053705590646583,0.0,0.25934164079551475
179098,179,-0.01859622821211815,0.5988820791244507,-0.022079557180404663,0.5939856171607971,-0.20877251029014587,0.7178842425346375,-0.12664596736431122,0.6247214078903198,0.07375557720661163,0.02210569754242897,0.026567786931991577,0.010594627819955349,0.9937347173690796,0.785529375076294,0.6767624616622925,0.8477264642715454,0.07411572337150574,0.014622792601585388,0.01411993894726038,0.010959433391690254,-2.384437322616577,13.542535781860352,0.009007185086651492,0.06863980606889528,0.0,0.607343815286365,0.0,0.16920050503783327
179099,179,-0.020657474175095558,0.606142520904541,-0.02296462655067444,0.6003599166870117,-0.19741946458816528,0.732803225517273,-0.05839809775352478,0.6546886563301086,0.0722644180059433,0.020593028515577316,0.02447468414902687,0.010522453114390373,0.9945909380912781,0.7832189798355103,0.6762272119522095,0.849410355091095,0.07308473438024521,0.013796511106193066,0.01282833144068718,0.010642901994287968,-3.913133144378662,9.669198989868164,-0.003241915205248483,0.06324471377527516,0.0,0.609035820336744,0.0,0.16920050503783327
179100,179,-0.02292773127555847,0.6127880811691284,-0.02362867072224617,0.6068073511123657,-0.22951383888721466,0.6298838257789612,-0.05806896463036537,0.6496281623840332,0.07138805091381073,0.01927298866212368,0.022653479129076004,0.016603251919150352,0.9954507946968079,0.7811821699142456,0.6756680607795715,0.8504918813705444,0.0719650387763977,0.013062715530395508,0.011851930059492588,0.015477030538022518,-3.917820453643799,8.835561752319336,-0.017492040777763493,0.0660773983294348,0.0,0.6102490576864553,0.0,0.08777576330025526
179101,179,-0.025179071351885796,0.6186312437057495,-0.024254899471998215,0.6131516695022583,-0.21564754843711853,0.5467602610588074,-0.07517465204000473,0.615498960018158,0.07510565966367722,0.01812099851667881,0.021068228408694267,0.01623528264462948,0.9958450198173523,0.7795114517211914,0.6751601696014404,0.851664125919342,0.07389365881681442,0.012787560932338238,0.011063720099627972,0.014983002096414566,-3.3261477947235107,6.373758316040039,-0.013622961397179806,0.0758906233007292,0.0,0.6111268153194579,0.0,0.08777576330025526
179102,179,-0.02714957296848297,0.6232672333717346,-0.025484276935458183,0.6187741756439209,-0.1737671196460724,0.4041447043418884,-0.16111937165260315,0.5155734419822693,0.07814744114875793,0.01711575873196125,0.019688038155436516,0.015705283731222153,0.9959777593612671,0.7783615589141846,0.6748027801513672,0.8525298833847046,0.07614251971244812,0.012700832448899746,0.01054509449750185,0.014009241946041584,-2.2099602222442627,4.930362701416016,-0.01193448207777438,0.07881694131290715,0.0,0.6116497649493343,0.0,0.015067415582674975
179103,179,-0.028479579836130142,0.6264715194702148,-0.02745918184518814,0.623203456401825,-0.09874965995550156,0.2499779611825943,-0.22328881919384003,0.37373483180999756,0.07798545062541962,0.01623748429119587,0.018484534695744514,0.015003602020442486,0.9961152672767639,0.7778058648109436,0.6747286915779114,0.8529801368713379,0.07573225349187851,0.01279905904084444,0.010241802781820297,0.012894213199615479,0.15881776809692383,2.8166985511779785,0.0002578845241156258,0.07701887168681423,0.0,0.6118004391051612,0.0,0.015067415582674975
179104,179,-0.02877706289291382,0.6279447674751282,-0.02976725809276104,0.6260267496109009,0.02175734005868435,0.05881517380475998,-0.22756026685237885,0.19373546540737152,0.07669536769390106,0.01645250804722309,0.017432386055588722,0.014388552866876125,0.9961601495742798,0.7778235673904419,0.6748969554901123,0.8529660701751709,0.07434789091348648,0.013663970865309238,0.00978449359536171,0.011848813854157925,-1.158841848373413,3.2287001609802246,0.016483736179395525,0.06899585806524555,0.0,0.6117028321673629,0.0,-0.04892453811485471
179105,179,-0.02836288884282112,0.6275757551193237,-0.03149912878870964,0.6267895698547363,0.05509565398097038,-0.11229973286390305,-0.10104950517416,-0.025608418509364128,0.07319395244121552,0.03723042458295822,0.016515513882040977,0.013851314783096313,0.9963053464889526,0.7761970162391663,0.6751371026039124,0.8525099158287048,0.07153024524450302,0.02896779216825962,0.009383770637214184,0.010840780101716518,-0.9466052055358887,2.6830077171325684,0.04089854390016902,0.0520903154345433,0.0,0.6112135867862145,0.0,-0.048924538114801845
179106,179,-0.027677388861775398,0.6256351470947266,-0.031548596918582916,0.6253284811973572,0.08473549783229828,-0.2575516998767853,0.08319351077079773,-0.25720733404159546,0.0694664791226387,0.06107660010457039,0.01571246050298214,0.01337982527911663,0.9964432120323181,0.7745516300201416,0.6755313277244568,0.8517785668373108,0.06750701367855072,0.04746848717331886,0.009156317450106144,0.010302409529685974,-0.548022985458374,4.853525161743164,0.06566672789172331,0.04682847802287142,0.0,0.6105651544329017,0.0,-0.10420009779233382
179107,179,-0.02642926573753357,0.6229430437088013,-0.029810452833771706,0.6217187643051147,0.15053385496139526,-0.28803369402885437,0.23405051231384277,-0.4566727578639984,0.06555187702178955,0.08405733108520508,0.015009124763309956,0.012966154143214226,0.996400773525238,0.773211658000946,0.6761577725410461,0.8509625792503357,0.06289464235305786,0.06557824462652206,0.009091108106076717,0.00988792534917593,1.224660873413086,5.198841094970703,0.08892949716420823,0.0415650492603163,0.0,0.6095231534549783,0.0,-0.10420009779233382
179108,179,-0.024317581206560135,0.619979977607727,-0.026869645342230797,0.6165717840194702,0.25562554597854614,-0.3109647035598755,0.3328743577003479,-0.5450085997581482,0.060582734644412994,0.09398674219846725,0.01439404021948576,0.01260382030159235,0.996235728263855,0.7730289101600647,0.6769460439682007,0.8500704765319824,0.05816061049699783,0.07638213038444519,0.00881938822567463,0.009522668085992336,-1.3536345958709717,5.849194526672363,0.09633596148812584,0.02972763475721877,0.0,0.6083936268383116,0.0,-0.15075926344976232
179109,179,-0.021754663437604904,0.6166259050369263,-0.023343726992607117,0.6111831665039062,0.2677207291126251,-0.3500443398952484,0.3743419349193573,-0.5100274682044983,0.05369001626968384,0.10077717900276184,0.013855013996362686,0.012285860255360603,0.9962401986122131,0.7735062837600708,0.6777439117431641,0.8491041660308838,0.05216432735323906,0.08364133536815643,0.00853094831109047,0.00913287978619337,-2.287245988845825,4.811460971832275,0.10242468098285326,0.010226863666830469,0.0,0.6068860342038136,0.0,-0.15075926344976232
179110,179,-0.019158214330673218,0.6128036379814148,-0.019558493047952652,0.6064232587814331,0.2614196538925171,-0.3966507911682129,0.38555556535720825,-0.44223424792289734,0.04781575873494148,0.10939165949821472,0.013383730314671993,0.012007524259388447,0.9961686134338379,0.7740800380706787,0.678659200668335,0.8481458425521851,0.045785270631313324,0.09032885730266571,0.008532976731657982,0.008967902511358261,0.26042938232421875,5.565204620361328,0.1116873769078201,0.0037218439275602602,0.0,0.605345144475953,0.0,-0.1855364080125649
179111,179,-0.016043515875935555,0.6090443134307861,-0.015556314960122108,0.6024458408355713,0.34768009185791016,-0.3637610077857971,0.392930269241333,-0.37227970361709595,0.04279426857829094,0.11958039551973343,0.012970252893865108,0.011763070710003376,0.995811402797699,0.7744886875152588,0.6797411441802979,0.8471859097480774,0.04040491580963135,0.09825506806373596,0.008436623029410839,0.00874823797494173,-0.10854482650756836,4.4828200340271,0.12236394773091741,-0.0001427287166734445,0.0,0.6034591241250812,0.0,-0.1886020350871931
179112,179,-0.012396227568387985,0.6053256392478943,-0.011913571506738663,0.5987831950187683,0.38541892170906067,-0.36710765957832336,0.34569358825683594,-0.35605090856552124,0.03848698362708092,0.12071582674980164,0.018192142248153687,0.011548405513167381,0.9952502250671387,0.7753857374191284,0.6806360483169556,0.8462488055229187,0.03604544326663017,0.1017523929476738,0.011339778080582619,0.008623304776847363,-1.1902201175689697,4.28971529006958,0.1210276644299372,-0.018990321003439017,0.0,0.6015731037742094,0.0,-0.2014991934301282
179113,179,-0.008626292459666729,0.6016649603843689,-0.008684025146067142,0.5952313542366028,0.3733772039413452,-0.3570055365562439,0.3130548298358917,-0.34825602173805237,0.034774910658597946,0.12371379137039185,0.029945408925414085,0.011359618045389652,0.9947537779808044,0.7763837575912476,0.6810363531112671,0.845382809638977,0.03307827189564705,0.10396065562963486,0.01747564971446991,0.008569507859647274,-5.430469512939453,5.478031635284424,0.12450091321972964,-0.03169779754483897,0.0,0.5993993183111418,0.0,-0.2177284127045204
179114,179,-0.005811435170471668,0.598236083984375,-0.005761720240116119,0.591729998588562,0.21966809034347534,-0.3202962279319763,0.2901991009712219,-0.33602795004844666,0.03157133609056473,0.12542442977428436,0.036305297166109085,0.011193761602044106,0.9946402907371521,0.7773618102073669,0.6812103986740112,0.8445567488670349,0.030757799744606018,0.1057794839143753,0.020636312663555145,0.00838492438197136,-5.204570293426514,3.167853355407715,0.12586352571537196,-0.037258884247930835,0.0,0.5972220341840963,0.0,-0.21772841270457324
179115,179,-0.004443656653165817,0.5949029922485352,-0.0031165792606770992,0.5884390473365784,0.0774068832397461,-0.33264774084091187,0.23717746138572693,-0.3183917701244354,0.028809430077672005,0.12494880706071854,0.0341537706553936,0.011048482730984688,0.9948466420173645,0.7784512042999268,0.6814237236976624,0.8437974452972412,0.028535427525639534,0.10578891634941101,0.019373491406440735,0.008379857055842876,-4.266767501831055,4.182405471801758,0.12243038611963905,-0.019716003083231043,0.0,0.5948635118543562,0.0,-0.23813839630184996
179116,179,-0.003998237196356058,0.5918892025947571,-0.001254342496395111,0.5855047106742859,0.006776399910449982,-0.28765034675598145,0.11750411242246628,-0.28385886549949646,0.02641778439283371,0.1258811056613922,0.03104272484779358,0.010920960456132889,0.995339572429657,0.7794469594955444,0.6814197301864624,0.8430691361427307,0.026726333424448967,0.10630346834659576,0.017248358577489853,0.00827044527977705,-5.545201301574707,3.3741211891174316,0.12613811131447775,-0.0010235059192200396,0.0,0.5924821278913375,0.0,-0.23813839630184996
179117,179,-0.004594288766384125,0.5889610052108765,-0.0011263451306149364,0.5826600193977356,-0.10892166197299957,-0.2900131046772003,-0.07280238717794418,-0.2793924808502197,0.024342356249690056,0.12501510977745056,0.028352543711662292,0.010808983817696571,0.9961124658584595,0.7804678082466125,0.6811178922653198,0.8424000144004822,0.02513214200735092,0.10586440563201904,0.01535044889897108,0.008287661708891392,-5.652618408203125,4.309148788452148,0.12043141336583657,0.00876019241048198,0.0,0.5900085998470853,0.0,-0.24983198587912894
179118,179,-0.0061791748739778996,0.5862919092178345,-0.002703071804717183,0.5800125598907471,-0.2051624208688736,-0.24961067736148834,-0.23035979270935059,-0.2532084584236145,0.026955485343933105,0.12447699904441833,0.026025744155049324,0.010710811242461205,0.9966399669647217,0.7814172506332397,0.6804842352867126,0.841803252696991,0.02741158753633499,0.10513705760240555,0.013603000901639462,0.00824918132275343,-6.034258842468262,3.948674201965332,0.12161656759974608,0.027398890608383228,0.0,0.5875102799882939,0.0,-0.24983198587907607
179119,179,-0.008851590566337109,0.5838874578475952,-0.005774445831775665,0.5775725841522217,-0.3211290240287781,-0.2299749255180359,-0.37037500739097595,-0.23180192708969116,0.042355071753263474,0.1231100931763649,0.02400483749806881,0.010624551214277744,0.9957889318466187,0.7823260426521301,0.679535448551178,0.8412627577781677,0.0407545268535614,0.10409829020500183,0.012159673497080803,0.008224882185459137,-4.59375,3.3213090896606445,0.11583078163854199,0.04512836015543144,0.0,0.5849914773816897,0.0,-0.25280918143635733
179120,179,-0.012333154678344727,0.5816903710365295,-0.009979885071516037,0.5754357576370239,-0.3732929825782776,-0.21276026964187622,-0.4647022783756256,-0.20157234370708466,0.06390707194805145,0.12145193666219711,0.02224481664597988,0.010548668913543224,0.994282603263855,0.7832184433937073,0.6784225702285767,0.84075528383255,0.060211677104234695,0.10279778391122818,0.01106785237789154,0.008185407146811485,-3.793398141860962,2.9741501808166504,0.11260965652816951,0.06804521382546228,0.0,0.5824633855673258,0.0,-0.2528091814364102
179121,179,-0.016124092042446136,0.5796260833740234,-0.014941645786166191,0.5735366940498352,-0.3810324966907501,-0.20317113399505615,-0.5195807218551636,-0.1837615817785263,0.07964495569467545,0.11955733597278595,0.02071394771337509,0.010482070967555046,0.993417501449585,0.7841567397117615,0.6771869659423828,0.8401840329170227,0.0768219530582428,0.10192018002271652,0.010011938400566578,0.008012454956769943,-6.011393070220947,1.7552423477172852,0.10939851310556561,0.08307959892546932,0.0,0.5799690395505301,0.0,-0.24706998297353513
179122,179,-0.020365223288536072,0.5772836804389954,-0.02046571485698223,0.5715064406394958,-0.44134047627449036,-0.24562549591064453,-0.5600859522819519,-0.20907683670520782,0.08980043977499008,0.117606982588768,0.01937919855117798,0.010423550382256508,0.9932827353477478,0.7852178812026978,0.6759461164474487,0.8395363688468933,0.08823056519031525,0.10104802995920181,0.009381729178130627,0.007813474163413048,-3.8189148902893066,0.26517391204833984,0.10710476355101885,0.09214488261139195,0.0,0.5774983397207945,0.0,-0.24706998297353513
179123,179,-0.0245625339448452,0.5746098160743713,-0.025869909673929214,0.5693285465240479,-0.40477466583251953,-0.2895936667919159,-0.5188731551170349,-0.2331332117319107,0.10610175877809525,0.11693593859672546,0.018213994801044464,0.010372115299105644,0.9927964210510254,0.7863975167274475,0.6748962998390198,0.8387044668197632,0.10143259912729263,0.10141398012638092,0.009002510458230972,0.007508996874094009,-1.3082993030548096,-2.0893073081970215,0.11331369717889875,0.11008064650690358,0.0,0.5750981814459675,0.0,-0.2326143904907152
179124,179,-0.02804698422551155,0.5712050199508667,-0.030534908175468445,0.5666965246200562,-0.302985817193985,-0.38383346796035767,-0.4154264032840729,-0.29695600271224976,0.11202636361122131,0.11982572078704834,0.017195211723446846,0.010326875373721123,0.9926134943962097,0.7875585556030273,0.6741956472396851,0.8377463221549988,0.10873417556285858,0.10354185849428177,0.008845824748277664,0.007437512744218111,-1.051642894744873,0.7529520988464355,0.12056760815985697,0.1134816469321231,0.0,0.5727720375410603,0.0,-0.23261439049066232
179125,179,-0.030324317514896393,0.5674337148666382,-0.03372229263186455,0.5634341239929199,-0.17603904008865356,-0.3839990198612213,-0.2447202503681183,-0.36207425594329834,0.11105671525001526,0.13322201371192932,0.01630689762532711,0.01028722058981657,0.9929077625274658,0.7880982160568237,0.6738041043281555,0.8366605043411255,0.10961085557937622,0.11247086524963379,0.008650719188153744,0.0071931383572518826,-1.6018974781036377,-0.6980776786804199,0.13702730738492697,0.10574315988218586,0.0,0.5705357981603626,0.0,-0.2094424039877918
179126,179,-0.03169247508049011,0.5632166266441345,-0.03542519733309746,0.5593007206916809,-0.09252969920635223,-0.44288110733032227,-0.09674197435379028,-0.44778311252593994,0.1081019788980484,0.13882306218147278,0.01552906446158886,0.010252337902784348,0.9933131337165833,0.7888248562812805,0.6737730503082275,0.8356187343597412,0.1063963919878006,0.11861290782690048,0.008641581051051617,0.007397256325930357,-1.5636622905731201,3.108096122741699,0.14042605544383419,0.09186229624545376,0.0,0.5684413741204845,0.0,-0.20944240398784464
179127,179,-0.03185374289751053,0.5593711137771606,-0.035385265946388245,0.5548382997512817,0.034226059913635254,-0.35524410009384155,0.07122904062271118,-0.4519956111907959,0.10423289984464645,0.1501675248146057,0.014850219711661339,0.010221769101917744,0.9935845732688904,0.7892650961875916,0.6740676164627075,0.8346961736679077,0.10161574929952621,0.126028910279274,0.008605032227933407,0.007410338614135981,-0.7624530792236328,2.0188450813293457,0.15375180950322884,0.08270605974590581,0.0,0.5664387847860761,0.0,-0.17755402346492352
179128,179,-0.03092142939567566,0.555906355381012,-0.034069646149873734,0.5504366755485535,0.1472199261188507,-0.3345496356487274,0.18589052557945251,-0.4197863042354584,0.09824594110250473,0.14928139746189117,0.01425429992377758,0.010194841772317886,0.9935938119888306,0.7899762988090515,0.6748677492141724,0.8340453505516052,0.09415820986032486,0.1271160989999771,0.008950602263212204,0.007844766601920128,2.010498046875,5.8930158615112305,0.14485204629789183,0.06465230636989873,0.0,0.5646632445514271,0.0,-0.17755402346487065
179129,179,-0.028127407655119896,0.5535972118377686,-0.031226767227053642,0.5470611453056335,0.3592677116394043,-0.17650176584720612,0.3429986834526062,-0.2847140431404114,0.09053105860948563,0.14863905310630798,0.013732630759477615,0.010171196423470974,0.9932987689971924,0.7905585765838623,0.6760965585708618,0.8338251113891602,0.085981585085392,0.12415212392807007,0.00901065580546856,0.008411278948187828,0.018320083618164062,9.752626419067383,0.14542013077219426,0.046457028023360186,0.0,0.5629640364154687,0.0,-0.13694924892189891
179130,179,-0.023998912423849106,0.5528992414474487,-0.027114789932966232,0.5451212525367737,0.45396101474761963,0.006880469620227814,0.4649258255958557,-0.11173675209283829,0.07874312996864319,0.14450182020664215,0.013274329714477062,0.010150368325412273,0.9931670427322388,0.7908509969711304,0.6774104237556458,0.8339274525642395,0.07618814706802368,0.12000414729118347,0.008720804005861282,0.008598940446972847,-2.696053981781006,7.5359368324279785,0.12375219905178467,0.009624364867268025,0.0,0.5615945439262497,0.0,-0.13694924892189891
179131,179,-0.019694730639457703,0.5532544255256653,-0.022212771698832512,0.5447678565979004,0.43538200855255127,0.0823831781744957,0.526481568813324,0.043477870523929596,0.06895758956670761,0.1364191621541977,0.013162031769752502,0.010132120922207832,0.9930801391601562,0.7910814881324768,0.6787322759628296,0.8343150615692139,0.06623785197734833,0.11295867711305618,0.008709629066288471,0.008970956318080425,-3.0055856704711914,7.821717262268066,0.09513599707548176,-0.012356642813028888,0.0,0.5602684481409015,0.0,-0.09162356755906952
179132,179,-0.01528560183942318,0.5547305345535278,-0.0166214257478714,0.5460689663887024,0.44485124945640564,0.2033400535583496,0.5812722444534302,0.20123425126075745,0.06075354292988777,0.12758858501911163,0.017156681045889854,0.010116109624505043,0.9927914142608643,0.7910978198051453,0.6799066066741943,0.8350265622138977,0.05776761844754219,0.10413895547389984,0.01100175827741623,0.009280708618462086,-2.547093629837036,8.46352767944336,0.08147041586496402,-0.017784260839762277,0.0,0.5593921673373128,0.0,-0.0876280803588766
179133,179,-0.010761922225356102,0.5574266910552979,-0.010700021870434284,0.5488080382347107,0.4509769082069397,0.32102084159851074,0.5904079079627991,0.33191317319869995,0.053801730275154114,0.1167060136795044,0.026317330077290535,0.010102017782628536,0.9922837615013123,0.7908484935760498,0.6808924078941345,0.8360382914543152,0.05055026337504387,0.09423404186964035,0.016345705837011337,0.009601368568837643,-1.3340914249420166,9.13038444519043,0.05869781193408735,-0.027717192538621017,0.0,0.5585158865337241,0.0,0.22139257817852107
179134,179,-0.006088776048272848,0.561280369758606,-0.004952484276145697,0.5527880191802979,0.47241756319999695,0.4304097592830658,0.5435706377029419,0.44618159532546997,0.0478990264236927,0.10607317835092545,0.03586052730679512,0.01008964329957962,0.9916382431983948,0.7903633713722229,0.6818164587020874,0.8371904492378235,0.04486655816435814,0.08500909805297852,0.02177497185766697,0.009654542431235313,-2.041419744491577,7.005767822265625,0.0478328924738713,-0.03746816213482816,0.0,0.5645345636821298,0.0,0.6102506424417637
179135,179,-0.0016358493594452739,0.56560218334198,-0.00014564767479896545,0.5574970245361328,0.4284912645816803,0.44377952814102173,0.43569499254226685,0.4971194863319397,0.04286160320043564,0.09551416337490082,0.04773779585957527,0.010078775696456432,0.990936279296875,0.7897125482559204,0.6825868487358093,0.83851557970047,0.040013086050748825,0.07551028579473495,0.028626427054405212,0.009943257085978985,-1.8126487731933594,9.683876037597656,0.03610934427036623,-0.04990877721698779,0.0,0.5706370701065476,0.0,0.6102506424418167
179136,179,0.002606739290058613,0.5706861615180969,0.003944239113479853,0.5629337430000305,0.4026995301246643,0.5460134744644165,0.3749243915081024,0.5723860263824463,0.038544390350580215,0.08666414767503738,0.05147929489612579,0.010069223120808601,0.9902331829071045,0.7887383103370667,0.6835851073265076,0.8399203419685364,0.035844121128320694,0.067759670317173,0.031151095405220985,0.009869486093521118,1.5175437927246094,6.158177852630615,0.03563035993073116,-0.052192968814706545,0.0,0.5756219267503669,0.0,0.4843874781065452
179137,179,0.006693337112665176,0.5760098695755005,0.007337326183915138,0.5688096880912781,0.4094941020011902,0.5228510499000549,0.3104858100414276,0.5954225659370422,0.03482617810368538,0.07699432224035263,0.05602024123072624,0.01006082259118557,0.9894348978996277,0.7877729535102844,0.6846089959144592,0.8413237929344177,0.0321456603705883,0.060162097215652466,0.03398469090461731,0.009951455518603325,1.8803167343139648,7.8155517578125,0.020010653992386024,-0.05686152073096309,0.0,0.5804658015314326,0.0,0.4843874781065981
179138,179,0.010880761779844761,0.5814306735992432,0.010359793901443481,0.5748473405838013,0.41522490978240967,0.5471697449684143,0.2951892614364624,0.6014050245285034,0.031620755791664124,0.06900099664926529,0.06454038619995117,0.010053438134491444,0.9885722994804382,0.7866287231445312,0.6854681968688965,0.8428462147712708,0.029121385887265205,0.05281268432736397,0.03883851319551468,0.010166850872337818,1.7206454277038574,10.856356620788574,0.020779129480801004,-0.0661877688999084,0.0,0.5843531328578926,0.0,0.362996864393302
179139,179,0.01492458488792181,0.5873802900314331,0.013540529645979404,0.5809909105300903,0.38166743516921997,0.6209325194358826,0.33446449041366577,0.6195377111434937,0.028860725462436676,0.06130931153893471,0.07358574867248535,0.010046972893178463,0.987750768661499,0.7852736115455627,0.6861991882324219,0.8443904519081116,0.02652127668261528,0.046781234443187714,0.044102754443883896,0.010051933117210865,4.050765037536621,7.749440670013428,0.013680703018979057,-0.0756398546370474,0.0,0.5879831015018254,0.0,0.36299686439324913
179140,179,0.018643615767359734,0.5933343768119812,0.017032522708177567,0.5871462821960449,0.36278843879699707,0.5795660018920898,0.3672540485858917,0.6147487759590149,0.026469143107533455,0.054298169910907745,0.07796426117420197,0.01004128810018301,0.9870067834854126,0.7840110063552856,0.6869586110115051,0.8458249568939209,0.024554837495088577,0.04144446551799774,0.04657157137989998,0.009954530745744705,2.2084474563598633,8.178817749023438,-0.0035632052296800526,-0.07899237135898146,0.0,0.5908086879159012,0.0,0.24607880130192833
179141,179,0.0218197088688612,0.5989043712615967,0.020749904215335846,0.5931013226509094,0.28486302495002747,0.5412192344665527,0.3798098862171173,0.5812147259712219,0.024392860010266304,0.04833829775452614,0.08280777186155319,0.010036292485892773,0.9864166975021362,0.7827886939048767,0.6875587701797485,0.8471702337265015,0.02275327406823635,0.036781810224056244,0.04923900216817856,0.00984183233231306,2.921018600463867,7.68376350402832,-0.004346123150831077,-0.08397145597737107,0.0,0.59326947592892,0.0,0.24607880130192833
179142,179,0.02448812872171402,0.6041299104690552,0.02456495724618435,0.5987581014633179,0.24589356780052185,0.5015839338302612,0.37375280261039734,0.545361340045929,0.02258375473320484,0.04323747381567955,0.08226600289344788,0.01003189291805029,0.9859164357185364,0.7815534472465515,0.6882306933403015,0.8484880328178406,0.021181484684348106,0.03250543400645256,0.04909208044409752,0.009905342012643814,2.4811530113220215,10.29423713684082,-0.006211558591417574,-0.07907122428070579,0.0,0.595069097835587,0.0,0.1336332888324772
179143,179,0.026815028861165047,0.6093460321426392,0.028125422075390816,0.6041194796562195,0.21517135202884674,0.524748682975769,0.32000651955604553,0.5201600790023804,0.021007182076573372,0.038861241191625595,0.0817999616265297,0.010028023272752762,0.9856481552124023,0.7802309393882751,0.6886976361274719,0.8497810363769531,0.02022780291736126,0.02898510731756687,0.04795455187559128,0.009870510548353195,-0.8672702312469482,10.843965530395508,-0.008199165729144337,-0.07905240798841986,0.0,0.5964054307239117,0.0,0.1336332888324772
179144,179,0.028153877705335617,0.6144642233848572,0.0304898452013731,0.6090397834777832,0.08242372423410416,0.5095424056053162,0.17111805081367493,0.4825131595134735,0.019634604454040527,0.03510317951440811,0.08148641884326935,0.01933273859322071,0.9855692982673645,0.778711199760437,0.6889715790748596,0.8505915999412537,0.01893225684762001,0.02535931020975113,0.04782373085618019,0.017904197797179222,1.6695570945739746,13.433830261230469,-0.020729869111961174,-0.07963417647879396,0.0,0.5972148685281453,0.0,0.025660326984948478
179145,179,0.029090242460370064,0.6201149225234985,0.03170555830001831,0.6142100095748901,0.0813090056180954,0.5869064331054688,0.060362305492162704,0.5333164930343628,0.018437543883919716,0.03186418488621712,0.07881411164999008,0.027244267985224724,0.9856911897659302,0.7771949172019958,0.6891207098960876,0.8512407541275024,0.018178993836045265,0.023707088083028793,0.04574502259492874,0.024069251492619514,1.628570556640625,6.119837760925293,-0.028511958482868083,-0.06296280755203043,0.0,0.5974714717979945,0.0,0.025660326984948478
179146,179,0.02915944904088974,0.6246141791343689,0.031177712604403496,0.6190109848976135,-0.02486382983624935,0.3739214539527893,-0.111660435795784,0.4571700692176819,0.017391948029398918,0.029063748195767403,0.07686664164066315,0.048439208418130875,0.9860602021217346,0.7763335704803467,0.6890091896057129,0.8507192134857178,0.01755651831626892,0.022518444806337357,0.04403289034962654,0.04041839390993118,0.8616352081298828,3.91939640045166,-0.0521636610039969,-0.0652501341189054,0.0,0.5973265059047702,0.0,-0.07784008424071062
179147,179,0.02836357057094574,0.6271005868911743,0.029462819918990135,0.6228777170181274,-0.11338873207569122,0.1530930995941162,-0.20427840948104858,0.3257392346858978,0.01647910475730896,0.026640672236680984,0.07304448634386063,0.046155624091625214,0.9867392182350159,0.7764024138450623,0.6886634826660156,0.8507262468338013,0.017126768827438354,0.022547364234924316,0.04125852882862091,0.03819379210472107,0.3087615966796875,-0.9747743606567383,-0.03133255051908981,-0.05004581094261084,0.0,0.5965481050623632,0.0,-0.07784008424071062
179148,179,0.02652627043426037,0.6266788244247437,0.026902664452791214,0.6248878836631775,-0.22354595363140106,-0.18314239382743835,-0.27614331245422363,0.10376563668251038,0.015681156888604164,0.024538934230804443,0.06778609752655029,0.041372910141944885,0.9876663684844971,0.7777066230773926,0.6881545782089233,0.8502126336097717,0.016597405076026917,0.02267199195921421,0.03800841420888901,0.03299447521567345,1.5223217010498047,-3.080916404724121,-0.005940612670604115,-0.035742590078225486,0.0,0.5954845158766562,0.0,-0.1768679448443415
179149,179,0.024010201916098595,0.6231319308280945,0.02398621290922165,0.6246516704559326,-0.273701548576355,-0.502121090888977,-0.30280977487564087,-0.15725089609622955,0.014983261935412884,0.03861647844314575,0.06060534715652466,0.03727103769779205,0.9886130094528198,0.7784267663955688,0.6877213716506958,0.8489001393318176,0.015655912458896637,0.034315917640924454,0.03436107560992241,0.028176497668027878,5.981693267822266,-6.0701799392700195,0.04114161761867256,-0.016074931980183456,0.0,0.5937158364282126,0.0,-0.1768679448443415
179150,179,0.02169203944504261,0.6165688037872314,0.02100389450788498,0.6208747625350952,-0.19884979724884033,-0.7916821837425232,-0.2990878224372864,-0.6127201914787292,0.014372189529240131,0.08213184773921967,0.053694285452365875,0.03373970091342926,0.989172637462616,0.777208685874939,0.6876577734947205,0.8469528555870056,0.014359535649418831,0.06657999008893967,0.031232895329594612,0.024569472298026085,8.539609909057617,-2.0518505573272705,0.09156209469531135,-0.003999659740438789,0.0,0.5917694043549984,0.0,-0.27142325482615565
179151,179,0.02073819376528263,0.6082473397254944,0.018624091520905495,0.6126842498779297,-0.030771102756261826,-0.8897060751914978,-0.19429896771907806,-1.0146470069885254,0.013835499994456768,0.13007628917694092,0.04793734848499298,0.030682675540447235,0.9893596768379211,0.7761281132698059,0.6878802180290222,0.8444578051567078,0.013425485230982304,0.1060594767332077,0.028197184205055237,0.02128852903842926,8.315696716308594,-5.0073394775390625,0.14214377496893707,-0.011024938286354872,0.0,0.5890551718067372,0.0,-0.2714232548261028
179152,179,0.020762208849191666,0.598191499710083,0.017231404781341553,0.6005938053131104,0.04088854417204857,-1.0751094818115234,-0.06849262118339539,-1.3440839052200317,0.013366210274398327,0.1585782766342163,0.046177685260772705,0.028044218197464943,0.989183783531189,0.7767441272735596,0.6882526874542236,0.8416491150856018,0.012423225678503513,0.1370272934436798,0.02757072076201439,0.018942048773169518,9.265670776367188,-4.784293174743652,0.16746358444877563,-0.03474381497602734,0.0,0.5862616772509913,0.0,-0.3542084475940293
179153,179,0.02188841812312603,0.5871137380599976,0.017637265846133232,0.5860294103622437,0.1691179871559143,-1.136422872543335,0.13257095217704773,-1.5518683195114136,0.012955165468156338,0.19480417668819427,0.046148207038640976,0.0257590189576149,0.9885847568511963,0.7778297066688538,0.688897967338562,0.8385767340660095,0.011448483914136887,0.16962353885173798,0.028144320473074913,0.016560964286327362,10.62350082397461,-7.360401153564453,0.20784475753686393,-0.04595603636007581,0.0,0.5826466171091317,0.0,-0.36150601418594164
179154,179,0.024285679683089256,0.5749488472938538,0.019838886335492134,0.570354700088501,0.3122434616088867,-1.2765922546386719,0.30798792839050293,-1.5312104225158691,0.012593967840075493,0.2215380072593689,0.06434895098209381,0.023770051077008247,0.9874522686004639,0.7796847224235535,0.6892904043197632,0.8351374864578247,0.01038874126970768,0.20081788301467896,0.039243899285793304,0.014624908566474915,11.13955020904541,-8.061342239379883,0.23180552554123252,-0.06788063971798691,0.0,0.5790315569672719,0.0,-0.3994142097181926
179155,179,0.028148921206593513,0.5615664720535278,0.023781880736351013,0.5556070804595947,0.4501808285713196,-1.370767593383789,0.4712294936180115,-1.4275141954421997,0.0122767249122262,0.2546157240867615,0.0894068107008934,0.022037815302610397,0.9858586192131042,0.7818313241004944,0.6897473931312561,0.8316535353660583,0.009686252102255821,0.2303677648305893,0.05467328801751137,0.013514742255210876,9.402067184448242,-4.749495983123779,0.2682313935655123,-0.09462969759952101,0.0,0.5745706782465904,0.0,-0.44711622292391084
179156,179,0.033053603023290634,0.5482991933822632,0.029276113957166672,0.5418201684951782,0.5162116289138794,-1.291644811630249,0.6029790639877319,-1.3453493118286133,0.011999240145087242,0.28561073541641235,0.11655842512845993,0.020534155890345573,0.9840143918991089,0.7838354110717773,0.690339982509613,0.828489363193512,0.009216460399329662,0.2565661668777466,0.07132291793823242,0.01290153618901968,9.510461807250977,-2.4484574794769287,0.30035078127873077,-0.12360976411502633,0.0,0.5700995160173516,0.0,-0.447116222923858
179157,179,0.03854423016309738,0.5364301204681396,0.035860516130924225,0.5291386246681213,0.5614489316940308,-1.0978479385375977,0.688962459564209,-1.199857473373413,0.011755073443055153,0.2986745238304138,0.13818490505218506,0.01921943761408329,0.9820730090141296,0.7860233187675476,0.6911805868148804,0.8258118033409119,0.008920076303184032,0.27257582545280457,0.08532701432704926,0.012496228329837322,10.367074012756348,-3.5399210453033447,0.30496578493910353,-0.14398481986027034,0.0,0.5649078611303084,0.0,-0.5282538810399047
179158,179,0.044276319444179535,0.5263970494270325,0.042894501239061356,0.5181471705436707,0.5762446522712708,-0.9228288531303406,0.7049852609634399,-1.0104669332504272,0.011541405692696571,0.2967373728752136,0.15673696994781494,0.018075620755553246,0.9800012111663818,0.7886335849761963,0.6922621726989746,0.823653519153595,0.008460959419608116,0.2760007083415985,0.09807229787111282,0.012220049276947975,13.334772109985352,-4.884282112121582,0.2895332262196908,-0.1625225541601685,0.0,0.5596253223199097,0.0,-0.5282538810398518
179159,179,0.05054057016968727,0.5181344747543335,0.050075408071279526,0.5092577934265137,0.6532772779464722,-0.7451786994934082,0.711257815361023,-0.789082944393158,0.011354133486747742,0.2915605902671814,0.1556873321533203,0.01707812026143074,0.9777968525886536,0.7913665771484375,0.6940283179283142,0.8219572305679321,0.00821880903095007,0.2716468274593353,0.10016585886478424,0.011947509832680225,13.42679500579834,-5.353351593017578,0.2721200366388456,-0.1504935032886971,0.013167383123319446,0.5537386716714797,1.671013178378493,-0.6049189885339232
179160,179,0.057268667966127396,0.5114402174949646,0.05701066553592682,0.5023229122161865,0.6943719983100891,-0.5942356586456299,0.679349422454834,-0.6030220985412598,0.011189496144652367,0.282990038394928,0.15331755578517914,0.016204943880438805,0.9755560159683228,0.7939577102661133,0.6960176229476929,0.8207049369812012,0.008057947270572186,0.262401819229126,0.09968554973602295,0.01179585698992014,12.018291473388672,-4.400605201721191,0.2504903833086612,-0.1415698961286723,0.029877514907105517,0.5476894817861404,1.6710131783784947,-0.6049189885339232
179161,179,0.06421918421983719,0.5063688158988953,0.06365038454532623,0.49720391631126404,0.6922414898872375,-0.43505746126174927,0.6506529450416565,-0.4335150718688965,0.011044780723750591,0.2718079686164856,0.148764967918396,0.015440322458744049,0.9733191132545471,0.7963261604309082,0.6980869174003601,0.8197808861732483,0.007888183929026127,0.251151442527771,0.09780216962099075,0.011427772231400013,12.958049774169922,-7.2064971923828125,0.2287397776562768,-0.1260625299979846,0.047538699481011915,0.5411436157812993,1.8092500090681671,-0.6771115454060722
179162,179,0.07121791690587997,0.5023942589759827,0.07006967812776566,0.49357110261917114,0.7076601982116699,-0.3586960434913635,0.6421109437942505,-0.30585524439811707,0.01091774646192789,0.2576964199542999,0.1412806212902069,0.014771373942494392,0.9709011912345886,0.7985766530036926,0.7004092931747437,0.8190996050834656,0.00738518126308918,0.23784585297107697,0.09507550299167633,0.011147413402795792,16.00939178466797,-7.363029479980469,0.20202369402127923,-0.10343074575357565,0.06563119957169375,0.5343725003272388,1.8092500090681671,-0.6771115454061251
179163,179,0.07897615432739258,0.49935293197631836,0.07684052735567093,0.4911675453186035,0.8160896301269531,-0.2719573974609375,0.7013342380523682,-0.20172882080078125,0.010806174017488956,0.24324195086956024,0.13165728747844696,0.014185551553964615,0.9682741761207581,0.8006871938705444,0.7030088901519775,0.8186184763908386,0.007179073058068752,0.22343812882900238,0.0899621769785881,0.010946014896035194,14.021615982055664,-5.469620227813721,0.1846761720968926,-0.08203879369842829,0.08435098077099153,0.527203199370962,1.915932649093066,-0.7448315516562987
179164,179,0.08720890432596207,0.49709704518318176,0.08424340188503265,0.4894719123840332,0.8337756991386414,-0.19160686433315277,0.7807483673095703,-0.14168718457221985,0.010708347894251347,0.22781842947006226,0.12264453619718552,0.013673248700797558,0.9657408595085144,0.802642285823822,0.7055371999740601,0.8183110952377319,0.007396250497549772,0.2085682451725006,0.08375994116067886,0.010721196420490742,9.613798141479492,-4.064979553222656,0.16325943719609315,-0.07501034728819145,0.10351030726192348,0.5197548838543992,1.915932649093066,-0.7448315516562987
179165,179,0.09493202716112137,0.4954763352870941,0.09223497658967972,0.48821601271629333,0.7416691780090332,-0.1271376609802246,0.8251215815544128,-0.09580153226852417,0.010622250847518444,0.21135185658931732,0.1119644045829773,0.013223370537161827,0.9635047912597656,0.8045138120651245,0.7078610062599182,0.8180819749832153,0.007682324852794409,0.19388192892074585,0.0765020102262497,0.010329126380383968,8.189361572265625,-6.090336799621582,0.14050273747109399,-0.054360322093634963,0.12303625156129451,0.511997928351662,1.9910610984531851,-0.8080790072846027
179166,179,0.10174918919801712,0.4940728545188904,0.10037767887115479,0.48734375834465027,0.6523884534835815,-0.13662394881248474,0.8123397827148438,-0.06971931457519531,0.010546593926846981,0.19422993063926697,0.09721116721630096,0.0128288259729743,0.9614793062210083,0.8064370155334473,0.7101664543151855,0.8178420066833496,0.007771088741719723,0.1792144775390625,0.06722979247570038,0.009971954859793186,8.253028869628906,-6.412818431854248,0.11808101267447223,-0.015209070917751671,0.14294686254582778,0.5039171382788159,1.9910610984531982,-0.8080790072846027
179167,179,0.10808037966489792,0.4926549196243286,0.10833143442869186,0.4867153465747833,0.6233955025672913,-0.14837495982646942,0.7743842601776123,-0.0625479593873024,0.023929579183459282,0.17845258116722107,0.08431398123502731,0.012483117170631886,0.9576022028923035,0.8083962202072144,0.712531566619873,0.8175641894340515,0.017916087061166763,0.1651429980993271,0.05938620865345001,0.009594213217496872,11.701957702636719,-6.944735050201416,0.10572396717958851,0.02593360837996539,0.16302653641995382,0.49560830863459376,2.034635357148537,-0.8668539122909842
179168,179,0.1150270476937294,0.49109533429145813,0.1157829537987709,0.48611217737197876,0.7443636655807495,-0.17912553250789642,0.6999287009239197,-0.07895977795124054,0.05429670587182045,0.16362686455249786,0.0736207515001297,0.012180168181657791,0.9514626860618591,0.8103668093681335,0.7152277827262878,0.8172651529312134,0.039576850831508636,0.1515195369720459,0.053610097616910934,0.0094031672924757,14.37479019165039,-4.445795059204102,0.09287110737273732,0.05981872743315167,0.18337288999144055,0.486939769511684,2.0346353571485243,-0.8668539122909842
179169,179,0.12378259748220444,0.489544540643692,0.12266530096530914,0.4853268265724182,0.9777584671974182,-0.15745437145233154,0.6707635521888733,-0.10012242197990417,0.06747020781040192,0.15000513195991516,0.06468924880027771,0.011914844624698162,0.9462226033210754,0.8122919797897339,0.7184364199638367,0.816916286945343,0.05122492462396622,0.13923850655555725,0.04879853129386902,0.009058513678610325,14.497154235839844,-4.243452548980713,0.0826934074160188,0.070316643015021,0.20375385991500333,0.4781148461309523,2.046655425179096,-0.9211562666754168
179170,179,0.13447999954223633,0.4877912104129791,0.12994146347045898,0.4839990735054016,1.1433806419372559,-0.1993226855993271,0.8250792622566223,-0.16673927009105682,0.06652633100748062,0.1357879936695099,0.05712738260626793,0.011681225150823593,0.9419996738433838,0.8143234252929688,0.7221137881278992,0.8164961338043213,0.05200899764895439,0.12712611258029938,0.0446837916970253,0.008827521465718746,14.35295581817627,-2.69811749458313,0.06370837007611889,0.060738188032844864,0.22422041416679456,0.4689032834641985,2.046655425179109,-0.9211562666754433
179171,179,0.1467282623052597,0.4858025014400482,0.14001797139644623,0.48211437463760376,1.2867475748062134,-0.2111722230911255,1.1575796604156494,-0.21326616406440735,0.06527411937713623,0.12273798137903214,0.050726085901260376,0.011476409621536732,0.9378324747085571,0.81648850440979,0.7260752320289612,0.815923273563385,0.05039219558238983,0.11611375957727432,0.04077662527561188,0.008413306437432766,11.99282169342041,-3.3464765548706055,0.05432094096184137,0.05756312753861287,0.24465024661447587,0.45959804675193267,2.0271213025449013,-0.9709860704379535
179172,179,0.15987788140773773,0.48318129777908325,0.1528346836566925,0.47952982783317566,1.3615576028823853,-0.29471856355667114,1.3882472515106201,-0.2849092483520508,0.06377342343330383,0.10986258089542389,0.04528895393013954,0.011297063902020454,0.9333544373512268,0.8189331293106079,0.7303287982940674,0.8151153326034546,0.04794565960764885,0.10579992830753326,0.03778086602687836,0.007937676273286343,13.205854415893555,-4.939992427825928,0.03993778181486391,0.05446785207981658,0.26492145963992625,0.4498881860475531,2.0271213025449146,-0.9709860704379535
179173,179,0.1742830127477646,0.4796416163444519,0.16763663291931152,0.47637346386909485,1.5148963928222656,-0.40799716114997864,1.5612424612045288,-0.3484261929988861,0.06323613971471786,0.09882926940917969,0.040624067187309265,0.011139233596622944,0.9284485578536987,0.8217962980270386,0.7347827553749084,0.8138468265533447,0.0465703085064888,0.09770859777927399,0.034720342606306076,0.007188114803284407,9.148502349853516,-6.917647361755371,0.03735174330156935,0.05990502934997147,0.2851477210864079,0.4401384164087285,1.9801716321007252,-1.0126689515059053
179174,179,0.18937590718269348,0.4743208587169647,0.18354859948158264,0.4720057249069214,1.5366677045822144,-0.6129460334777832,1.6353918313980103,-0.494228720664978,0.06143191084265709,0.09006776660680771,0.036614567041397095,0.011000516824424267,0.9234063625335693,0.8251863718032837,0.7393211126327515,0.8120686411857605,0.04487532377243042,0.09118520468473434,0.03214330971240997,0.006499624811112881,8.393526077270508,-7.773463726043701,0.04010269667482665,0.0502271087284788,0.3049080509788684,0.4299749831729428,1.9760329892459265,-1.0163433235785675
179175,179,0.20494109392166138,0.46710994839668274,0.20019985735416412,0.4662209153175354,1.5846731662750244,-0.8017106056213379,1.6915918588638306,-0.6478503942489624,0.06109568104147911,0.08565551042556763,0.033161673694849014,0.01087869517505169,0.9181074500083923,0.8288764953613281,0.743967592716217,0.8097681999206543,0.043593015521764755,0.08812946081161499,0.029918020591139793,0.005642694421112537,8.297281265258789,-8.80319595336914,0.060069490131805556,0.05900213235332005,0.32466838087132777,0.4198115499371578,1.9394388932179145,-1.0344470675152253
179176,179,0.2210308462381363,0.45796340703964233,0.21723845601081848,0.4586952328681946,1.630968689918518,-1.0057449340820312,1.71322762966156,-0.8466877341270447,0.06129014492034912,0.08490706235170364,0.030193427577614784,0.010772127658128738,0.9124575257301331,0.8327383995056152,0.7487894892692566,0.8070499300956726,0.042724717408418655,0.08773871511220932,0.02819833531975746,0.005346046760678291,9.093172073364258,-6.44697904586792,0.0805139428698105,0.061332025758714936,0.34361221275165393,0.4092441807515629,1.8933904852821584,-1.0572280260972593
179177,179,0.2379107028245926,0.4475035071372986,0.23464106023311615,0.4491364359855652,1.723789930343628,-1.098766565322876,1.7495616674423218,-1.081619381904602,0.06264912337064743,0.10295098274946213,0.027613697573542595,0.010678170248866081,0.9062864184379578,0.83515864610672,0.7539229989051819,0.8041384220123291,0.042032934725284576,0.10108833014965057,0.02698070928454399,0.005107426084578037,11.546630859375,-3.7986278533935547,0.10708178420006915,0.06290630771221384,0.3625461176044769,0.3986719004905903,1.8933904852821584,-1.0572280260972593
179178,179,0.25613147020339966,0.4366212785243988,0.2525886595249176,0.4373013973236084,1.878717064857483,-1.0990335941314697,1.8164894580841064,-1.2824697494506836,0.06143830344080925,0.11576526612043381,0.025378020480275154,0.010595678351819515,0.8998820185661316,0.8375751376152039,0.7592599391937256,0.8010331988334656,0.040850311517715454,0.11572995781898499,0.0255584716796875,0.004820858594030142,9.984631538391113,-4.868655204772949,0.1189690526500636,0.05391421765325155,0.38046596952631806,0.38777628469460734,1.7791937906536368,-1.093640177994002
179179,179,0.2750561535358429,0.42518502473831177,0.27090349793434143,0.4233514964580536,1.9127253293991089,-1.1727672815322876,1.856873631477356,-1.4552658796310425,0.057482145726680756,0.11729041486978531,0.02344091795384884,0.010523376986384392,0.8936728239059448,0.8411971926689148,0.7645344734191895,0.7976723313331604,0.03866954520344734,0.12298106402158737,0.023926761001348495,0.004382340703159571,6.357994079589844,-6.372160911560059,0.11770513272507752,0.03266001727622336,0.3982579074328556,0.3768398829146673,1.7791937906536368,-1.0936401779940284
179180,179,0.29372555017471313,0.41266417503356934,0.2895521819591522,0.4086250960826874,1.8506929874420166,-1.303436517715454,1.8868743181228638,-1.4491076469421387,0.05316232889890671,0.12578047811985016,0.02175372652709484,0.010459787212312222,0.8876673579216003,0.8450117707252502,0.7697200179100037,0.7941069602966309,0.03542298078536987,0.13165351748466492,0.022684236988425255,0.0041258251294493675,6.547138690948486,-5.171947479248047,0.12807086492807912,0.025793191652874192,0.41490134587089567,0.36565180091327015,1.6334429053603086,-1.1255797792688487
179181,179,0.3122500479221344,0.3994174301624298,0.30865761637687683,0.39465245604515076,1.8474217653274536,-1.3429819345474243,1.9164119958877563,-1.3643676042556763,0.050462331622838974,0.14381718635559082,0.020284976810216904,0.010403952561318874,0.8815662264823914,0.8481435179710388,0.7748581767082214,0.7904548048973083,0.03285882994532585,0.1472827047109604,0.02158796228468418,0.0040335641242563725,6.742961406707764,-4.073285102844238,0.14903599074140214,0.033178312270901955,0.4312357749245,0.3543960031205816,1.633442905360335,-1.1255797792688487
179182,179,0.3307245075702667,0.38610103726387024,0.3278037905693054,0.38132578134536743,1.8406769037246704,-1.3205060958862305,1.9020673036575317,-1.3142095804214478,0.04767288640141487,0.15411241352558136,0.019007433205842972,0.010355012491345406,0.8754778504371643,0.8514324426651001,0.779877781867981,0.7868412137031555,0.030841758474707603,0.16015022993087769,0.020468171685934067,0.004069871734827757,5.901782512664795,-4.21550989151001,0.1574424335079328,0.029624465104101327,0.446396542484307,0.3429512353187465,1.4628495935163963,-1.1530468299217465
179183,179,0.34884244203567505,0.3730524480342865,0.3465020954608917,0.36829647421836853,1.7901666164398193,-1.2800886631011963,1.8411051034927368,-1.2856863737106323,0.04472239315509796,0.15597452223300934,0.017888786271214485,0.010311882011592388,0.8694911599159241,0.8551916480064392,0.7847814559936523,0.7835608720779419,0.028650622814893723,0.1640165001153946,0.019535036757588387,0.004513248801231384,5.716638565063477,-0.8552408218383789,0.15654930150255228,0.025550277535566046,0.4610250384194709,0.3314207670195296,1.4628495935163963,-1.1530468299217729
179184,179,0.3666762113571167,0.361253023147583,0.36473578214645386,0.3560006022453308,1.7614905834197998,-1.114829182624817,1.7907100915908813,-1.1893842220306396,0.04233580827713013,0.1553368866443634,0.016913149505853653,0.01027404610067606,0.8635944724082947,0.8590266108512878,0.7895411849021912,0.7805731892585754,0.026781056076288223,0.1641041785478592,0.018712637946009636,0.004602894186973572,7.484850883483887,-3.985426425933838,0.152186571565128,0.026681777392401906,0.47466225315573274,0.31975509382223183,1.2942609115783388,-1.1760413299527483
179185,179,0.3841104209423065,0.3502613604068756,0.38209810853004456,0.34455612301826477,1.730430245399475,-1.0748494863510132,1.6950141191482544,-1.0963964462280273,0.03987354412674904,0.15048933029174805,0.016059905290603638,0.010240788571536541,0.857727587223053,0.8629814982414246,0.7942470908164978,0.7778172492980957,0.024802660569548607,0.16015022993087769,0.01802855171263218,0.004865285474807024,7.857100963592529,-2.486463785171509,0.1264105058155254,0.023619434952378004,0.487604862271517,0.3079946805227043,1.2942609115783388,-1.1760413299527483
179186,179,0.401435911655426,0.34014201164245605,0.3988438844680786,0.3342747390270233,1.7225970029830933,-0.9675945043563843,1.6521170139312744,-0.9777603149414062,0.037288252264261246,0.14505065977573395,0.015315277501940727,0.010211638174951077,0.8519747257232666,0.8668632507324219,0.7988031506538391,0.7753124237060547,0.02309776470065117,0.15410283207893372,0.017248358577489853,0.005034242291003466,6.810965538024902,-2.2588729858398438,0.11761293091886038,0.020048107451969277,0.49976731382613976,0.29614388233491923,1.1343886236603582,-1.1945632793618277
179187,179,0.418257474899292,0.33085721731185913,0.41512352228164673,0.3249559700489044,1.6479631662368774,-0.8887999653816223,1.611626148223877,-0.88483726978302,0.03393205255270004,0.1371246874332428,0.014661194756627083,0.01018593180924654,0.8464685678482056,0.8706343770027161,0.8032062649726868,0.7730945348739624,0.020788118243217468,0.14557473361492157,0.01666066236793995,0.005310375243425369,8.165721893310547,-1.438666582107544,0.09675324031924541,0.011453390629541982,0.5111112000627438,0.2841982495413009,1.1343886236603318,-1.1945632793618277
179188,179,0.43465518951416016,0.3226246237754822,0.4312177896499634,0.3167724311351776,1.6203887462615967,-0.7804614305496216,1.597270131111145,-0.7725408673286438,0.031184827908873558,0.12765371799468994,0.014089200645685196,0.010163376107811928,0.8409399390220642,0.874207615852356,0.8076202869415283,0.7712480425834656,0.018271060660481453,0.1346818506717682,0.016342496499419212,0.00568739790469408,10.95430850982666,0.3538846969604492,0.0783301803767555,0.012592401597801617,0.5218686195878874,0.2721981067680047,0.9832327297624018,-1.2086126781489845
179189,179,0.45123618841171265,0.31573864817619324,0.44735488295555115,0.30985960364341736,1.6611990928649902,-0.637812614440918,1.6072728633880615,-0.6423839330673218,0.028476661071181297,0.1158989667892456,0.013588146306574345,0.01014355756342411,0.8353596329689026,0.8776764273643494,0.8119797110557556,0.7695939540863037,0.01620129868388176,0.1230752021074295,0.015897948294878006,0.005682429764419794,11.336137771606445,-2.486422061920166,0.05312208078595047,0.00553870510703347,0.531700946885512,0.260111979986515,0.983232729762349,-1.2086126781489845
179190,179,0.4676753580570221,0.30939558148384094,0.4632507562637329,0.30374401807785034,1.6358400583267212,-0.6321234703063965,1.5862486362457275,-0.5814290046691895,0.02613040618598461,0.10116931796073914,0.013528739102184772,0.010126146487891674,0.8297480344772339,0.8813502192497253,0.8163018226623535,0.7680763602256775,0.01417901087552309,0.10849791765213013,0.015894748270511627,0.0058902413584291935,11.450958251953125,-0.06225109100341797,0.019914488157685706,-0.013102869840496162,0.5411230655333379,0.24799827303268154,0.8407932298844696,-1.2181895263142055
179191,179,0.48415401577949524,0.3035946488380432,0.47935134172439575,0.29841095209121704,1.6490105390548706,-0.5471325516700745,1.6227010488510132,-0.5025316476821899,0.0240916907787323,0.08757476508617401,0.02240610681474209,0.010110830888152122,0.824068009853363,0.884957492351532,0.819989025592804,0.7666916251182556,0.012507704086601734,0.09393689036369324,0.023538045585155487,0.005896212067455053,11.758243560791016,-0.7098138332366943,0.005911875321642099,-0.023724376557181126,0.5495309978321831,0.23581637776953956,0.8407932298844696,-1.2181895263142055
179192,179,0.5004883408546448,0.2981746792793274,0.49555397033691406,0.29353317618370056,1.6181272268295288,-0.5378145575523376,1.6183171272277832,-0.47641533613204956,0.0223187617957592,0.07631367444992065,0.03833306208252907,0.0198350977152586,0.8184627890586853,0.8884521126747131,0.8230689764022827,0.7646451592445374,0.01132322009652853,0.08234120905399323,0.03744245320558548,0.012036914005875587,11.830568313598633,-3.7918436527252197,-0.02121727387695775,-0.04087349564650686,0.557687546754851,0.22362488704014505,0.7070701240266409,-1.2232938238575042
179193,179,0.5161936283111572,0.2920943796634674,0.5114103555679321,0.28850510716438293,1.5377793312072754,-0.6531497240066528,1.568101167678833,-0.5189568996429443,0.020777476951479912,0.06692474335432053,0.051142096519470215,0.03541994094848633,0.8130806088447571,0.8919996619224548,0.8261298537254333,0.7620701789855957,0.010491586290299892,0.07284238934516907,0.048816390335559845,0.02200542390346527,10.905244827270508,-2.9834532737731934,-0.03797656496389171,-0.05348284833966235,0.5647582479951174,0.21139194880157008,0.707070124026588,-1.223293823857491
179194,179,0.5310915112495422,0.28516173362731934,0.5268325805664062,0.2830321788787842,1.443989634513855,-0.7359410524368286,1.5123666524887085,-0.5801913738250732,0.019433246925473213,0.05901883915066719,0.0567580945789814,0.03534486144781113,0.8080822825431824,0.8956770300865173,0.8293075561523438,0.7599804997444153,0.010001685470342636,0.06512396782636642,0.05386173725128174,0.022007640451192856,9.923720359802246,-1.8122243881225586,-0.03484139746322258,-0.05780931160933586,0.5717189583447878,0.1991584547015898,0.5921901535381006,-1.2238743932254685
179195,179,0.5448863506317139,0.27745261788368225,0.5414832234382629,0.2767655551433563,1.3228211402893066,-0.8010116815567017,1.417128086090088,-0.6724328398704529,0.018260354176163673,0.05232665315270424,0.060291118919849396,0.03530019894242287,0.8035727739334106,0.8993960618972778,0.8322811126708984,0.757870078086853,0.00982954353094101,0.057849884033203125,0.05637749657034874,0.021953323855996132,7.820093631744385,1.7684507369995117,-0.03500076823464794,-0.06096639311397403,0.5775395924666759,0.18691919899380105,0.582063412188757,-1.2239255707788805
179196,179,0.5572575926780701,0.2696361243724823,0.5550042390823364,0.2695050835609436,1.1586428880691528,-0.7729592323303223,1.2839670181274414,-0.7834023237228394,0.017236115410923958,0.0466330349445343,0.059970904141664505,0.036207184195518494,0.7996966242790222,0.9029312133789062,0.8350260257720947,0.7557528614997864,0.009743550792336464,0.05164568871259689,0.05567038431763649,0.02238837443292141,8.30388069152832,1.5183258056640625,-0.0363559072869222,-0.05797005198172264,0.5833602265885636,0.17467994328601305,0.530570066110839,-1.2221639080016642
179197,179,0.5679869651794434,0.261913925409317,0.5668808221817017,0.26105302572250366,1.0052560567855835,-0.7725037932395935,1.102067470550537,-0.8894989490509033,0.01634424924850464,0.041788145899772644,0.05834681913256645,0.04897533357143402,0.796456515789032,0.906387209892273,0.8374001979827881,0.7530369758605957,0.009907390922307968,0.04665869474411011,0.053358737379312515,0.029907576739788055,6.283483505249023,1.473839282989502,-0.051473808210669866,-0.048126912066878635,0.5880319263392187,0.16247999430558668,0.46577309437097664,-1.2199471087084592
179198,179,0.576846718788147,0.25382283329963684,0.5766474008560181,0.2517283856868744,0.7922986745834351,-0.8372223377227783,0.8685799837112427,-0.9468327760696411,0.015562023967504501,0.03761853650212288,0.055395059287548065,0.06052030622959137,0.7939642071723938,0.9100228548049927,0.8393402099609375,0.7500588893890381,0.010137085802853107,0.04314785078167915,0.04993404075503349,0.03632260486483574,6.572823524475098,-1.2736034393310547,-0.06272933636593399,-0.036768116647599824,0.5926896572829289,0.15028052321850213,0.46577309437097664,-1.219947108708446
179199,179,0.5837103128433228,0.24453265964984894,0.5839268565177917,0.24209998548030853,0.609256386756897,-0.9957762360572815,0.6151854991912842,-0.9647552371025085,0.0148768974468112,0.03402716666460037,0.04988380894064903,0.06292689591646194,0.7920263409614563,0.9140084981918335,0.8410518169403076,0.747153103351593,0.010192515328526497,0.039890795946121216,0.04469255357980728,0.03751612827181816,6.604676246643066,1.2133121490478516,-0.0633892133000672,-0.014748133171988156,0.5963921447051076,0.13816220805793353,0.35819917057324685,-1.2108078041667532
179200,179,0.5891664028167725,0.23431900143623352,0.5889626741409302,0.2325192391872406,0.4842498004436493,-1.0493570566177368,0.4021345376968384,-0.9690654873847961,0.014277467504143715,0.03093089535832405,0.044549793004989624,0.06080552935600281,0.7905544638633728,0.9182823896408081,0.8424601554870605,0.7441627979278564,0.010128876194357872,0.037374839186668396,0.03963544964790344,0.0354098379611969,9.019088745117188,-1.7594397068023682,-0.047611507926322655,0.006470281774456521,0.5999741364108402,0.126054130016266,0.35819917057324685,-1.2108078041667598
179201,179,0.5934532880783081,0.22298592329025269,0.5918243527412415,0.2224263995885849,0.3825092911720276,-1.195310115814209,0.2044106125831604,-1.0437195301055908,0.019424788653850555,0.028254903852939606,0.03998783603310585,0.05870277062058449,0.7888365983963013,0.9230086207389832,0.8435163497924805,0.7407795786857605,0.014323624782264233,0.035298727452754974,0.03488712012767792,0.03299211338162422,7.788527011871338,-2.471839189529419,-0.04554087177985486,0.02018731706306784,0.6027771426567027,0.11405982014674518,0.25934164079556765,-1.1963699987838148
179202,179,0.5964149236679077,0.21018406748771667,0.593199610710144,0.21131891012191772,0.233517587184906,-1.336244821548462,0.10484239459037781,-1.1709599494934082,0.030580909922719002,0.025934940204024315,0.036068059504032135,0.054410453885793686,0.7868440747261047,0.9280166029930115,0.8442103266716003,0.7372113466262817,0.0230475515127182,0.03303932026028633,0.03099110722541809,0.030016686767339706,8.109052658081055,-0.991663932800293,-0.027326952646727354,0.03229980116637807,0.6053705590646583,0.10209612015890618,0.25934164079551475,-1.1963699987838148
179203,179,0.5982488393783569,0.1966327726840973,0.594174861907959,0.1987888664007187,0.13768449425697327,-1.3756922483444214,0.08441213518381119,-1.33686101436615,0.04943123459815979,0.023924916982650757,0.032698508352041245,0.04842153191566467,0.7844610214233398,0.9331019520759583,0.8445765376091003,0.7336070537567139,0.03732897341251373,0.03097943589091301,0.027571864426136017,0.026067594066262245,7.039403915405273,-0.2358388900756836,-0.0066371856030189025,0.05289037586102971,0.607343815286365,0.09026820358716096,0.16920050503783327,-1.1766336925598029
179204,179,0.5990470051765442,0.18273110687732697,0.594787061214447,0.18450415134429932,0.03649447485804558,-1.4055757522583008,0.037370357662439346,-1.503884196281433,0.0644233450293541,0.022172609344124794,0.02978023700416088,0.04329550638794899,0.7826621532440186,0.938232421875,0.8447364568710327,0.7298806309700012,0.04973670095205307,0.02922077476978302,0.024998920038342476,0.022534014657139778,7.995615005493164,-0.7970762252807617,0.00048722605196541147,0.06719725809924677,0.609035820336744,0.07850186666156214,0.16920050503783327,-1.1766336925598029
179205,179,0.5992678999900818,0.16848188638687134,0.5949302315711975,0.16887496411800385,0.011009451001882553,-1.4445525407791138,-0.007573198527097702,-1.6076925992965698,0.08007095754146576,0.02065008506178856,0.02725956216454506,0.03891412541270256,0.7809908390045166,0.9433978199958801,0.8449352383613586,0.726043701171875,0.06107224151492119,0.02760966680943966,0.023143526166677475,0.01954158954322338,10.508952140808105,-0.32979249954223633,0.007217845208450008,0.08342994516233211,0.6102490576864552,0.06688273139432319,0.08777576330025526,-1.151598885494631
179206,179,0.5998058319091797,0.1540018618106842,0.5949065089225769,0.1526755690574646,0.08299525082111359,-1.4652825593948364,-0.0018953485414385796,-1.6260645389556885,0.08719081431627274,0.02010354772210121,0.025073399767279625,0.03514784201979637,0.7798047065734863,0.9485824704170227,0.8452088236808777,0.7220012545585632,0.06779143959283829,0.027149733155965805,0.021348152309656143,0.01675291359424591,8.72300910949707,-0.6155490875244141,0.01626852388063771,0.08880360268627448,0.611126815319458,0.055366742539375416,0.08777576330025526,-1.151598885494631
179207,179,0.6005983352661133,0.13887283205986023,0.594910740852356,0.13644838333129883,0.08453679084777832,-1.5462785959243774,0.017056245356798172,-1.6027709245681763,0.08587582409381866,0.02296586148440838,0.023173555731773376,0.031899843364953995,0.7794145345687866,0.9535489082336426,0.8454861640930176,0.7175966501235962,0.06869374215602875,0.03047938272356987,0.01978750340640545,0.014018726535141468,8.184335708618164,-3.486335277557373,0.023402082208815955,0.07821264679574974,0.6116497649493343,0.043998776583371306,0.015067415582674975,-1.121265577588303
179208,179,0.6013062596321106,0.12254023551940918,0.5951541662216187,0.12045067548751831,0.07635674625635147,-1.6826657056808472,0.04584605246782303,-1.585502028465271,0.08456850796937943,0.03865942358970642,0.021521270275115967,0.029093902558088303,0.7792634963989258,0.9570231437683105,0.845795214176178,0.712805986404419,0.06769199669361115,0.04633563011884689,0.01841522380709648,0.011854005977511406,7.732503414154053,-4.048686981201172,0.041262501413079966,0.07692179946631765,0.6118004391051612,0.03278612080748751,0.015067415582674975,-1.121265577588303
179209,179,0.6020932793617249,0.10524792224168777,0.5958318710327148,0.10456797480583191,0.08601529151201248,-1.7546582221984863,0.0884447768330574,-1.5928882360458374,0.08343011885881424,0.06510037928819656,0.02008288912475109,0.026665333658456802,0.7791721820831299,0.9592768549919128,0.8459957838058472,0.7078421711921692,0.06735802441835403,0.07259605079889297,0.016895689070224762,0.010341458022594452,3.5501718521118164,-1.9964468479156494,0.07022037321437319,0.07674567499814536,0.6117028321673629,0.02171171216944745,-0.04892453811485471,-1.0856337688408215
179210,179,0.6024006009101868,0.08783889561891556,0.5966385006904602,0.08836502581834793,0.0010911375284194946,-1.708263635635376,0.07616093009710312,-1.6435058116912842,0.08190299570560455,0.08735485374927521,0.01882634498178959,0.024554286152124405,0.7793827652931213,0.9616475701332092,0.8459529280662537,0.7031187415122986,0.0674421638250351,0.09628544747829437,0.015473837964236736,0.009503255598247051,1.5230846405029297,-0.4657411575317383,0.0920033509154296,0.07292676913676054,0.6112135867862144,0.010855374481037837,-0.048924538114801845,-1.0856337688408233
179211,179,0.6017820835113525,0.07155247032642365,0.5970491170883179,0.0715751051902771,-0.10650856047868729,-1.5554020404815674,0.007020663470029831,-1.7037733793258667,0.08354388177394867,0.094846211373806,0.01773192174732685,0.022723769769072533,0.7798575758934021,0.9651774764060974,0.8455139994621277,0.698728084564209,0.06991934776306152,0.10813039541244507,0.013978682458400726,0.008637519553303719,-0.7733714580535889,-3.2735610008239746,0.0966308498607896,0.08391717550120457,0.6105651544329017,0.00011691116769110225,-0.10420009779233382,-1.0447034592521818
179212,179,0.5996084809303284,0.056175198405981064,0.5961962938308716,0.054211605340242386,-0.2849155366420746,-1.4968979358673096,-0.14925821125507355,-1.7157121896743774,0.09635595232248306,0.09319382905960083,0.016775431111454964,0.021130001172423363,0.7800931334495544,0.9698929190635681,0.8445413112640381,0.6944130063056946,0.08054395765066147,0.11005482077598572,0.012434694916009903,0.007533169351518154,-3.5230696201324463,-7.1012043952941895,0.08374274011263191,0.09936498444296477,0.6095231534549783,-0.010330123424831429,-0.10420009779233382,-1.0447034592521813
179213,179,0.5953922271728516,0.040720030665397644,0.5934955477714539,0.03738553822040558,-0.4987238049507141,-1.550775408744812,-0.34866034984588623,-1.6127817630767822,0.12176480889320374,0.09175128489732742,0.015939531847834587,0.019741803407669067,0.7798708081245422,0.9748798608779907,0.8431629538536072,0.6902865767478943,0.09964080154895782,0.10768735408782959,0.011322185397148132,0.007077640853822231,-3.9645767211914062,-2.8198158740997314,0.08346409926127416,0.12838988571434734,0.6083936268383116,-0.020690253406756197,-0.15075926344976232,-0.9984746488223865
179214,179,0.5898985862731934,0.026059724390506744,0.5892860293388367,0.022362010553479195,-0.5993826985359192,-1.4142487049102783,-0.5065492987632751,-1.4260311126708984,0.1561044454574585,0.09928549081087112,0.015207567252218723,0.018529696390032768,0.7793422341346741,0.9788448214530945,0.8413903713226318,0.686346709728241,0.12662047147750854,0.11269542574882507,0.01030960213392973,0.00635475805029273,-4.890081882476807,-5.1092529296875,0.10105866208640965,0.16610832434722023,0.6068860342038136,-0.030674999894980744,-0.1507592634498152,-0.9984746488223865
179215,179,0.5831418037414551,0.011976960115134716,0.5828777551651001,0.008612021803855896,-0.7142671942710876,-1.382834553718567,-0.7422900199890137,-1.320660948753357,0.18105414509773254,0.0976935401558876,0.014567594043910503,0.01747262477874756,0.7794079780578613,0.9830722808837891,0.8395125865936279,0.6825417280197144,0.15006300806999207,0.11289766430854797,0.009888949804008007,0.005930051207542419,-2.5819194316864014,-6.260316371917725,0.08868796911488155,0.1894215918926516,0.6053451444759531,-0.04061440853875308,-0.1855364080125649,-0.9511215434480482
179216,179,0.5761813521385193,-0.0015156533336266875,0.5745143890380859,-0.004008759744465351,-0.6801921725273132,-1.3195655345916748,-0.9090102314949036,-1.21804940700531,0.20723314583301544,0.09683434665203094,0.014006972312927246,0.016548670828342438,0.7795873880386353,0.9873014688491821,0.8378672003746033,0.678978681564331,0.17001570761203766,0.11100994050502777,0.009777327068150043,0.005566237028688192,1.0831689834594727,-6.286593437194824,0.09196121139524972,0.2168021370223321,0.6034591241250812,-0.05008388191426863,-0.1886020350871931,-0.9469473375514328
179217,179,0.5701791644096375,-0.014221910387277603,0.5654716491699219,-0.015680650249123573,-0.5556778311729431,-1.2406692504882812,-0.8750656247138977,-1.140893816947937,0.21813124418258667,0.09571568667888641,0.013515791855752468,0.015740729868412018,0.7801254987716675,0.9913350343704224,0.8364190459251404,0.6755831241607666,0.18389077484607697,0.10911665111780167,0.009526754729449749,0.00520935608074069,-0.17121553421020508,-5.969901084899902,0.08935638463358678,0.22234758129760768,0.6015731037742094,-0.05955335528978305,-0.2014991934301282,-0.9217848711986326
179218,179,0.564809262752533,-0.026344098150730133,0.5576735734939575,-0.026992319151759148,-0.5157419443130493,-1.182291865348816,-0.6810216903686523,-1.1215053796768188,0.21696467697620392,0.09397591650485992,0.01308585423976183,0.015034729614853859,0.7814737558364868,0.9953079223632812,0.8349394202232361,0.6722276210784912,0.1907694935798645,0.10728438198566437,0.00903305597603321,0.004732051398605108,-4.850202560424805,-7.612168788909912,0.08403358404823269,0.21191163770411076,0.5993993183111418,-0.06846139646755374,-0.2177284127045204,-0.8901215254393259
179219,179,0.5590541362762451,-0.0383840836584568,0.5513787269592285,-0.038496699184179306,-0.584241509437561,-1.1908806562423706,-0.570580005645752,-1.147445559501648,0.21621187031269073,0.09200247377157211,0.012708282098174095,0.014415630139410496,0.7834078669548035,0.9992345571517944,0.8333832621574402,0.6689472794532776,0.19364871084690094,0.10471832752227783,0.008565448224544525,0.0044837091118097305,-7.740507125854492,-6.939845085144043,0.08069855102400586,0.21295474516387586,0.5972220341840963,-0.0773626117219476,-0.21772841270457324,-0.8901215254393259
179220,179,0.552862286567688,-0.0500762015581131,0.5458682179450989,-0.05000240355730057,-0.6363508701324463,-1.1432284116744995,-0.5399226546287537,-1.1471493244171143,0.22656351327896118,0.09147240966558456,0.01237761415541172,0.013874152675271034,0.7851650714874268,1.0029436349868774,0.8317258954048157,0.6657608151435852,0.2002684772014618,0.10330300778150558,0.008203624747693539,0.004140553530305624,-7.551255226135254,-8.569341659545898,0.08842116130037113,0.23073907573721056,0.5948635118543563,-0.08571217053969585,-0.23813839630184996,-0.8279972124860627
179221,179,0.5463588833808899,-0.061509910970926285,0.5403293967247009,-0.061474207788705826,-0.6536465287208557,-1.1355035305023193,-0.5648065805435181,-1.1393213272094727,0.2410869002342224,0.09084221720695496,0.012086997739970684,0.013398796319961548,0.7865565419197083,1.0065237283706665,0.8300303816795349,0.6626082062721252,0.21084213256835938,0.10235557705163956,0.007944748736917973,0.0038698152638971806,-7.632081508636475,-8.500564575195312,0.08721929734265084,0.246968808158993,0.5924821278913375,-0.09399214266455751,-0.23813839630190284,-0.8279972124860561
179222,179,0.5398607850074768,-0.07276830077171326,0.5345249772071838,-0.072756826877594,-0.6428859829902649,-1.117844820022583,-0.5925909876823425,-1.1190820932388306,0.2532227039337158,0.09228673577308655,0.011832481250166893,0.012982911430299282,0.7877787947654724,1.0097566843032837,0.8284935355186462,0.6596333980560303,0.22019653022289276,0.1022917851805687,0.00804985873401165,0.0038786346558481455,-5.306119918823242,-6.214748382568359,0.09262598868756339,0.2584959015616702,0.5900085998470853,-0.10174083111555463,-0.24983198587912894,-0.7605743986916399
179223,179,0.5341479182243347,-0.08328058570623398,0.5288199186325073,-0.08354410529136658,-0.5284900665283203,-1.013752818107605,-0.5628913044929504,-1.0618526935577393,0.26189520955085754,0.09571570158004761,0.011609327979385853,0.012618591077625751,0.7888841032981873,1.0125160217285156,0.8271958231925964,0.6568381786346436,0.22707024216651917,0.1046525165438652,0.008125708438456059,0.003722911700606346,-4.671045303344727,-6.887156963348389,0.09655090825672788,0.2658343666309412,0.5875102799882939,-0.10934657510247155,-0.24983198587907607,-0.7605743986916399
179224,179,0.5293309688568115,-0.09321151673793793,0.523385763168335,-0.09399007260799408,-0.4389166533946991,-0.9713309407234192,-0.5147463083267212,-1.021875023841858,0.260728657245636,0.09443167597055435,0.011413677595555782,0.012299418449401855,0.790139377117157,1.0154483318328857,0.826116681098938,0.6541079878807068,0.22907012701034546,0.10463841259479523,0.008182371035218239,0.0035302320029586554,-5.179162979125977,-8.217024803161621,0.08708738929401325,0.25607997869787236,0.5849914773816897,-0.11645200517998869,-0.25280918143635733,-0.6878530840560638
179225,179,0.5252531170845032,-0.10294587165117264,0.5186190009117126,-0.10397517681121826,-0.3717367947101593,-0.9683273434638977,-0.428956001996994,-0.9660000205039978,0.25823500752449036,0.09321244060993195,0.01124173030257225,0.012019101530313492,0.7914722561836243,1.0185000896453857,0.825308084487915,0.6513960957527161,0.2265186905860901,0.1035371720790863,0.008419387973845005,0.003343695541843772,-3.7670350074768066,-9.350292205810547,0.08622652768301886,0.24828433016835816,0.5824633855673258,-0.12333053602054977,-0.2528091814364102,-0.6878530840560572
179226,179,0.5221563577651978,-0.11266317963600159,0.5149828791618347,-0.11324886232614517,-0.2528020739555359,-0.9679684638977051,-0.2998318076133728,-0.8912920951843262,0.2550857663154602,0.0930129736661911,0.011090664193034172,0.011772971600294113,0.7926323413848877,1.0213901996612549,0.8247829675674438,0.6488333344459534,0.22194096446037292,0.10207561403512955,0.00846400111913681,0.00342667568475008,-5.275608062744141,-5.408644676208496,0.0918690415646122,0.2424686813260231,0.5799690395505301,-0.12975031971785686,-0.24706998297353513,-0.6098332685793347
179227,179,0.5200208425521851,-0.12171637266874313,0.5126718282699585,-0.12180959433317184,-0.18675871193408966,-0.8642330765724182,-0.18410855531692505,-0.840704619884491,0.24951449036598206,0.09749492257833481,0.010958084836602211,0.011557078920304775,0.7936062216758728,1.0235121250152588,0.8245291709899902,0.6466426849365234,0.21533352136611938,0.10371369123458862,0.008749254047870636,0.003679851768538356,-2.9612064361572266,-4.024832248687744,0.09858945077240007,0.22698743183108055,0.5774983397207942,-0.13584865240365093,-0.24706998297353513,-0.6098332685793215
179228,179,0.518994152545929,-0.1294173002243042,0.511580765247345,-0.12978386878967285,-0.05339273437857628,-0.7072587609291077,-0.06151105836033821,-0.7765023708343506,0.2432526797056198,0.09627685695886612,0.010841645300388336,0.011367546394467354,0.7943258881568909,1.0255014896392822,0.8245814442634583,0.6448485851287842,0.20710283517837524,0.1025875061750412,0.008996404707431793,0.003931564278900623,-1.9815874099731445,-3.4512734413146973,0.08935554953744823,0.21765318818211113,0.5750981814459675,-0.14154040171401913,-0.2326143904907152,-0.5265149522614327
179229,179,0.5190863013267517,-0.13573288917541504,0.5115562081336975,-0.13714423775672913,0.05618470907211304,-0.5729655027389526,0.04584408551454544,-0.695026695728302,0.2340840846300125,0.09240979701280594,0.010739273391664028,0.011200984939932823,0.794813334941864,1.0274877548217773,0.824905276298523,0.6434107422828674,0.1975516378879547,0.098625548183918,0.009226655587553978,0.004116007126867771,-1.5131866931915283,-3.6325979232788086,0.07033319323659772,0.1961249414513847,0.5727720375410603,-0.14680555123663386,-0.23261439049066232,-0.5265149522614461
179230,179,0.5201822519302368,-0.14089511334896088,0.512586772441864,-0.14336255192756653,0.15349224209785461,-0.47027966380119324,0.15203848481178284,-0.5495813488960266,0.2229815423488617,0.08654873818159103,0.010649404488503933,0.01105481293052435,0.7950270771980286,1.0293112993240356,0.8257039785385132,0.6424804925918579,0.18412140011787415,0.09139402210712433,0.00981828011572361,0.004630489740520716,2.9242372512817383,0.11393308639526367,0.05265784879733767,0.17606053854741271,0.5705357981603627,-0.1517268781533339,-0.20944240398784464,-0.43789813510238434
179231,179,0.5231726765632629,-0.1441642791032791,0.5152488946914673,-0.14741656184196472,0.3770579695701599,-0.24640505015850067,0.3347660303115845,-0.31239742040634155,0.21037819981575012,0.07954923063516617,0.010570327751338482,0.010926236398518085,0.794784665107727,1.030861258506775,0.8269063234329224,0.6420042514801025,0.17000460624694824,0.08323898166418076,0.010219210758805275,0.004924543667584658,3.5275864601135254,-0.4015374183654785,0.03851724367860849,0.15604884175062955,0.5684413741204843,-0.1561058595043584,-0.2094424039877918,-0.43789813510238434
179232,179,0.5276433825492859,-0.14598457515239716,0.5193471312522888,-0.14954130351543427,0.500042736530304,-0.12950339913368225,0.4703875780105591,-0.13168644905090332,0.19265903532505035,0.06964200735092163,0.010501096956431866,0.0108136972412467,0.7942624092102051,1.0322465896606445,0.8284443020820618,0.6419626474380493,0.154685378074646,0.07277902215719223,0.010435013100504875,0.005310375243425369,3.3727550506591797,1.9739437103271484,0.0029363481698881574,0.1133932768593713,0.5664387847860761,-0.16021437602066105,-0.17755402346492352,-0.3439828171021762
179233,179,0.5333067178726196,-0.14621800184249878,0.5249354243278503,-0.14973671734333038,0.6128149628639221,0.058329783380031586,0.6209407448768616,0.0673859566450119,0.17325729131698608,0.061312321573495865,0.01044022012501955,0.017262663692235947,0.7935592532157898,1.0330758094787598,0.8302769064903259,0.6423106789588928,0.1375948190689087,0.061979059129953384,0.010718104429543018,0.008963831700384617,4.287018775939941,4.677886962890625,-0.018191356308428483,0.08319346661404864,0.5646632445514271,-0.16365420419168317,-0.17755402346487065,-0.3439828171021762
179234,179,0.5401421785354614,-0.14425325393676758,0.5319297313690186,-0.14787067472934723,0.721744179725647,0.29063713550567627,0.7465173006057739,0.27412474155426025,0.1525506228208542,0.05427438020706177,0.010386740788817406,0.04770299792289734,0.7926714420318604,1.0330617427825928,0.8323130011558533,0.6424680948257446,0.12030895054340363,0.05275295674800873,0.010876881889998913,0.024019870907068253,4.6558308601379395,5.988566875457764,-0.05281990693280186,0.052145692116278494,0.5629640364154687,-0.16690752230085934,-0.13694924892189891,-0.2447689982608348
179235,179,0.5477393865585327,-0.14025256037712097,0.5398553013801575,-0.14404746890068054,0.7807905673980713,0.4772087335586548,0.8201754093170166,0.4685218036174774,0.1306827813386917,0.04828287288546562,0.010339678265154362,0.08896811306476593,0.7917651534080505,1.0323506593704224,0.834389328956604,0.6426997184753418,0.10348876565694809,0.045790303498506546,0.01082634273916483,0.04437121003866196,4.037282466888428,4.861710071563721,-0.09699292469526197,0.019825450590713875,0.5615945439262496,-0.16935521228346784,-0.13694924892189891,-0.2447689982608348
179236,179,0.5554531812667847,-0.13508418202400208,0.5481159687042236,-0.13854682445526123,0.768302857875824,0.549123227596283,0.8333059549331665,0.6198232769966125,0.11164530366659164,0.04318314790725708,0.010298420675098896,0.12826141715049744,0.7907869815826416,1.031324863433838,0.8365462422370911,0.6431202292442322,0.08709949254989624,0.04089207947254181,0.011030671186745167,0.0634182021021843,7.996671199798584,1.093611717224121,-0.13832068258517555,-0.0066275339453412685,0.5602684481409015,-0.17171094397878797,-0.09162356755906952,-0.14872317780614422
179237,179,0.5635901093482971,-0.12984171509742737,0.5565944910049438,-0.13174930214881897,0.8425277471542358,0.503044605255127,0.8619440197944641,0.7239518165588379,0.09622698277235031,0.038825973868370056,0.020257754251360893,0.15473870933055878,0.7893828749656677,1.0305085182189941,0.8381379842758179,0.6435984969139099,0.07337810099124908,0.037618838250637054,0.019437871873378754,0.07539936155080795,8.88218879699707,-2.4838876724243164,-0.16301033354343564,-0.021855748819274934,0.5593921673373128,-0.1731135107645713,-0.08762808035882373,-0.1402566785783205
179238,179,0.5720349550247192,-0.12590134143829346,0.5651764869689941,-0.12455115467309952,0.8530877232551575,0.31288987398147583,0.8692576289176941,0.716292142868042,0.08350685983896255,0.03507230803370476,0.04659729823470116,0.16649053990840912,0.7875912189483643,1.0301225185394287,0.8387583494186401,0.6440088152885437,0.06252502650022507,0.03468700498342514,0.04150237515568733,0.08094107359647751,8.052291870117188,-1.8718576431274414,-0.17028209486603646,-0.051117384437530486,0.5585158865337241,-0.17451607755035445,0.22139257817852107,-0.09165460465571888
179239,179,0.5803580284118652,-0.12337414920330048,0.57389235496521,-0.11848872900009155,0.8056744933128357,0.2117355912923813,0.8678300380706787,0.4703279733657837,0.07294325530529022,0.03183693066239357,0.05592363327741623,0.16387860476970673,0.7857109904289246,1.0299882888793945,0.8401534557342529,0.6445519924163818,0.054543718695640564,0.03194960579276085,0.05030100420117378,0.08008665591478348,8.75737190246582,-1.710292100906372,-0.15125457670525375,-0.05770372573555323,0.5645345636821298,-0.17483422086211478,0.6102506424417637,-0.030495883183302375
179240,179,0.5881645083427429,-0.12159553170204163,0.5824369192123413,-0.11543388664722443,0.7514646649360657,0.14095163345336914,0.8329999446868896,0.16959111392498016,0.06408519297838211,0.02903779223561287,0.05582856386899948,0.16027721762657166,0.7839338779449463,1.030090093612671,0.8420015573501587,0.6449441313743591,0.04777040332555771,0.029770703986287117,0.050802379846572876,0.07746008783578873,10.899894714355469,-2.4956142902374268,-0.14278103704535441,-0.05522729433576774,0.5706370701065476,-0.17513917969394777,0.6102506424418167,-0.030495883183302375
179241,179,0.5956027507781982,-0.12074753642082214,0.5905098915100098,-0.11487340927124023,0.7287560105323792,0.0248490571975708,0.7760684490203857,-0.035339612513780594,0.056619640439748764,0.026614272966980934,0.05544127896428108,0.15605321526527405,0.7821979522705078,1.0305753946304321,0.843814492225647,0.6449593901634216,0.04208606854081154,0.028239717707037926,0.05030998960137367,0.07380743324756622,10.7269287109375,-3.7362194061279297,-0.13534819505133422,-0.052989918285216056,0.5756219267503672,-0.17442464688180706,0.4843874781065452,0.08431328740960922
179242,179,0.6026069521903992,-0.1214466542005539,0.5978621244430542,-0.11618703603744507,0.6771312952041626,-0.14600512385368347,0.7042508125305176,-0.20529866218566895,0.050261519849300385,0.024503355845808983,0.055391136556863785,0.1498015969991684,0.7805405855178833,1.0314658880233765,0.845482587814331,0.6445941925048828,0.03744124621152878,0.027034366503357887,0.04972388967871666,0.06922663003206253,10.036518096923828,-2.9336631298065186,-0.11899921297894898,-0.055075094418378226,0.5804658015314326,-0.17358151400771096,0.4843874781065981,0.08431328740960922
179243,179,0.6090269088745117,-0.12364635616540909,0.6045449376106262,-0.11900581419467926,0.6138845682144165,-0.276448130607605,0.6403876543045044,-0.3385811448097229,0.04487809166312218,0.022678904235363007,0.055192142724990845,0.13983206450939178,0.7789967060089111,1.03263258934021,0.8470066785812378,0.6440382599830627,0.033248335123062134,0.02528468519449234,0.04956001043319702,0.06479471921920776,10.339298248291016,-0.03740072250366211,-0.08940539993178802,-0.053930203677277674,0.5843531328578926,-0.17179431226209094,0.362996864393302,0.20412080807174518
179244,179,0.6150119304656982,-0.12648139894008636,0.6107415556907654,-0.1227373480796814,0.5646290183067322,-0.3132592737674713,0.5829952955245972,-0.4168534278869629,0.040269527584314346,0.0210904311388731,0.054545752704143524,0.12729832530021667,0.7775455117225647,1.0337557792663574,0.848411500453949,0.6435912251472473,0.029904095456004143,0.023512311279773712,0.0487513467669487,0.059428952634334564,9.603428840637207,3.9410948753356934,-0.06227926378787359,-0.05044404685662891,0.5879831015018254,-0.16975310418137338,0.36299686439324913,0.20412080807174518
179245,179,0.6203967332839966,-0.12911999225616455,0.6163462996482849,-0.12693282961845398,0.4979281723499298,-0.2470913678407669,0.5212081074714661,-0.43307942152023315,0.03631731867790222,0.019707921892404556,0.05390937626361847,0.11452209949493408,0.7764618992805481,1.034775733947754,0.8494569659233093,0.6432543992996216,0.027926132082939148,0.022043123841285706,0.04706321284174919,0.05354234576225281,5.276937484741211,4.519081115722656,-0.046095228760465255,-0.04985864957569361,0.5908086879159012,-0.16685324670172014,0.24607880130192833,0.32892667880310555
179246,179,0.6241356134414673,-0.1315520852804184,0.6207433938980103,-0.1314597874879837,0.28251272439956665,-0.22381557524204254,0.37742650508880615,-0.4483029544353485,0.032910965383052826,0.018501238897442818,0.05287008732557297,0.10381419211626053,0.7759823799133301,1.035542368888855,0.8501346111297607,0.64308100938797,0.025948399677872658,0.020423144102096558,0.045496176928281784,0.0491022951900959,6.426265239715576,6.373872756958008,-0.04485357419440247,-0.046244097439833765,0.5932694759289201,-0.16356397991368885,0.24607880130187548,0.32892667880310555
179247,179,0.6263913512229919,-0.13311730325222015,0.6239266395568848,-0.13527268171310425,0.16592925786972046,-0.11397534608840942,0.2507374882698059,-0.3111320436000824,0.029976706951856613,0.01745014637708664,0.04823889583349228,0.09364066272974014,0.7758591175079346,1.036082148551941,0.8507224917411804,0.6430976390838623,0.024005282670259476,0.019263342022895813,0.04164537042379379,0.044431187212467194,8.813414573669434,4.647095203399658,-0.03593494489960395,-0.01839162706100441,0.595069097835587,-0.1595114798994488,0.1336332888324772,0.45873089960370345
179248,179,0.6277202367782593,-0.13412488996982574,0.6256242990493774,-0.1373472362756729,0.09609157592058182,-0.08716665953397751,0.08972357213497162,-0.11002381891012192,0.0274285227060318,0.016528811305761337,0.04314649850130081,0.08580652624368668,0.7758886218070984,1.0363996028900146,0.8512725234031677,0.6432420611381531,0.022057542577385902,0.01789122447371483,0.03723606467247009,0.04129792004823685,10.216560363769531,6.786525249481201,-0.04054206268999404,-0.003342635277909043,0.5964054307239117,-0.1549241709034112,0.1336332888324772,0.45873089960370345
179249,179,0.6286559700965881,-0.13430073857307434,0.6259468793869019,-0.1372985541820526,0.07495640218257904,0.02926165983080864,-0.02520892396569252,0.08212204277515411,0.02522064559161663,0.01572381891310215,0.03878715634346008,0.07806363701820374,0.7760396003723145,1.03643000125885,0.8516478538513184,0.6436367034912109,0.02063741162419319,0.016750767827033997,0.033107783645391464,0.0380980558693409,9.766454696655273,5.900206565856934,-0.03236901657086992,0.0054840141473920054,0.5972148685281453,-0.1496790415540303,0.025660326984948478,0.593533470473539
179250,179,0.6289612054824829,-0.133643239736557,0.6251749396324158,-0.13586360216140747,-0.004430771805346012,0.10680467635393143,-0.10720232874155045,0.19835692644119263,0.02330157533288002,0.015019061043858528,0.035036925226449966,0.07231345772743225,0.7763364911079407,1.0360867977142334,0.8519006967544556,0.6443110108375549,0.019136926159262657,0.015394050627946854,0.029807811602950096,0.03626137971878052,11.586475372314453,7.126221656799316,-0.03779975722514355,0.0066723401451612655,0.5974714717979945,-0.14374370684929455,0.025660326984948478,0.5935334704735258
179251,179,0.6289602518081665,-0.1316685676574707,0.6241783499717712,-0.1331339329481125,-0.011489855125546455,0.26355278491973877,-0.09932167828083038,0.32179832458496094,0.0225160401314497,0.014402307569980621,0.031804900616407394,0.06745437532663345,0.7766556143760681,1.0354030132293701,0.8519781827926636,0.645270049571991,0.0186854787170887,0.014437723904848099,0.02670125849545002,0.034269582480192184,10.635156631469727,5.351114273071289,-0.03786317083904879,0.017047319693557578,0.5973265059047702,-0.137265961364219,-0.07784008424071062,0.7333343914125989
179252,179,0.6283483505249023,-0.12875781953334808,0.6230194568634033,-0.12965799868106842,-0.09183786064386368,0.3284488022327423,-0.12040857970714569,0.378711998462677,0.021686743944883347,0.01386189553886652,0.029010163620114326,0.06509894877672195,0.7771492004394531,1.0344239473342896,0.8519092202186584,0.6464061141014099,0.01821797899901867,0.013432834297418594,0.024195009842514992,0.03366943821310997,10.789737701416016,5.408649444580078,-0.05062332444969106,0.015903044920490394,0.5965481050623632,-0.12993261745009207,-0.07784008424071062,0.7333343914125989
179253,179,0.6272851228713989,-0.1248837485909462,0.621839165687561,-0.12544220685958862,-0.1237398013472557,0.43130233883857727,-0.1236366555094719,0.4509681463241577,0.025756241753697395,0.013388767838478088,0.026591675356030464,0.06307438015937805,0.7773110270500183,1.0331525802612305,0.8516342043876648,0.6477844715118408,0.021458622068166733,0.012503531761467457,0.021746184676885605,0.03329087421298027,8.26303482055664,5.897037982940674,-0.05054701544214705,0.026394593250387538,0.5954845158766563,-0.12218226902876798,-0.1768679448443415,0.8781336624208899
179254,179,0.6254690885543823,-0.12008420377969742,0.6203300356864929,-0.12069883942604065,-0.21793799102306366,0.5267425775527954,-0.17314356565475464,0.5010755658149719,0.028635114431381226,0.012974107638001442,0.02449331060051918,0.062084097415208817,0.7779176235198975,1.031657338142395,0.8510216474533081,0.649321436882019,0.024775609374046326,0.011767828837037086,0.01945861056447029,0.03323179483413696,5.403623580932617,4.699466228485107,-0.05593085824567935,0.029097595037151994,0.5937158364282126,-0.11340093240455851,-0.1768679448443415,0.8781336624208832
179255,179,0.6223605275154114,-0.1146790161728859,0.6179825663566589,-0.11553991585969925,-0.3635117709636688,0.5725204348564148,-0.27523544430732727,0.5503475666046143,0.04037002474069595,0.012610284611582756,0.022668231278657913,0.06199002265930176,0.7779264450073242,1.029792308807373,0.8502708077430725,0.6511601805686951,0.03337835147976875,0.010630544275045395,0.017916087061166763,0.034396734088659286,8.507740020751953,7.450709342956543,-0.061405183168390276,0.0422925342921403,0.5917694043549984,-0.10433799424643149,-0.27142325482615565,1.0279312834984118
179256,179,0.6189860701560974,-0.10787062346935272,0.6150686740875244,-0.10921348631381989,-0.3383040130138397,0.7443943023681641,-0.328093945980072,0.6809584498405457,0.060471586883068085,0.01229153387248516,0.021081574261188507,0.0614534430205822,0.7771365642547607,1.0275578498840332,0.8493670225143433,0.6533575057983398,0.048706721514463425,0.00987255945801735,0.016351057216525078,0.03471557796001434,6.800022125244141,7.312533855438232,-0.05811120461235775,0.06425115115047707,0.5890551718067372,-0.09405868141144665,-0.2714232548261028,1.0279312834984118
179257,179,0.6152051687240601,-0.10002344101667404,0.6112138032913208,-0.10197896510362625,-0.3952137529850006,0.8271218538284302,-0.4216712713241577,0.7749663591384888,0.06089627742767334,0.012011673301458359,0.019697751849889755,0.07372911274433136,0.7780588269233704,1.0250808000564575,0.8483879566192627,0.6553226113319397,0.052534960210323334,0.009187914431095123,0.015206974931061268,0.04150606691837311,7.145552635192871,5.712552070617676,-0.07619349162015335,0.06097742520703683,0.5862616772509913,-0.08364316671596396,-0.3542084475940293,1.170187297880585
179258,179,0.6111131906509399,-0.0916253849864006,0.6066480875015259,-0.09367478638887405,-0.41790643334388733,0.8536633849143982,-0.47686803340911865,0.8804568648338318,0.06781690567731857,0.01176623534411192,0.018491266295313835,0.07896412909030914,0.7790160179138184,1.0225043296813965,0.8473000526428223,0.657509446144104,0.058106135576963425,0.008790923282504082,0.013927062042057514,0.04502817615866661,4.933056831359863,5.572316646575928,-0.0800782932147023,0.0691943977507678,0.5826466171091317,-0.07181589416951144,-0.36150601418594164,1.1827272546451713
179259,179,0.606426477432251,-0.08309337496757507,0.6016069054603577,-0.08449263125658035,-0.4948340654373169,0.8638868927955627,-0.5144844055175781,0.9550542831420898,0.07208150625228882,0.011550585739314556,0.01743660680949688,0.0786186084151268,0.780306339263916,1.0198712348937988,0.8460277915000916,0.659944474697113,0.06298544257879257,0.00835350900888443,0.012840877287089825,0.045708559453487396,3.9505863189697266,5.699646472930908,-0.07656835457797255,0.0729105029934482,0.5790315569672719,-0.05998862162305892,-0.3994142097181926,1.2534841709393612
179260,179,0.6010956764221191,-0.0742984190583229,0.5962855219841003,-0.07464777678251266,-0.5578153133392334,0.8953092694282532,-0.5453409552574158,1.0060148239135742,0.08209391683340073,0.011361713521182537,0.016517093405127525,0.07703948020935059,0.7813530564308167,1.0170520544052124,0.8446943759918213,0.6626111268997192,0.07045894116163254,0.007701484486460686,0.012086836621165276,0.04600801691412926,5.608868598937988,7.268800735473633,-0.06762364281488828,0.08426420081976375,0.5745706782465901,-0.046582600377504634,-0.447116222923858,1.3425215758611548
179261,179,0.5956722497940063,-0.06476791203022003,0.5908252596855164,-0.06429675221443176,-0.5381087064743042,0.9924036860466003,-0.5566936731338501,1.0417366027832031,0.09243188053369522,0.011195966973900795,0.015713341534137726,0.07492531836032867,0.7821351885795593,1.0139104127883911,0.8434807062149048,0.6656012535095215,0.07825479656457901,0.007053549867123365,0.011699339374899864,0.045947588980197906,8.550267219543457,7.686672210693359,-0.06225365892228425,0.09481074235874258,0.5700995160173516,-0.03315738461889296,-0.447116222923858,1.3425215758611548
179262,179,0.5909116268157959,-0.05420731008052826,0.5854519009590149,-0.053761076182127,-0.4420033395290375,1.0932393074035645,-0.5277109146118164,1.047768473625183,0.09232379496097565,0.01105044037103653,0.015010077506303787,0.07353615015745163,0.783423900604248,1.01053786277771,0.8423879146575928,0.6687596440315247,0.08034560829401016,0.006571617443114519,0.011212538927793503,0.045945070683956146,6.81427001953125,7.552609443664551,-0.06517174405590155,0.09170300703786773,0.5649078611303081,-0.01826882973418308,-0.5282538810398518,1.5073142471463747
179263,179,0.5865195989608765,-0.043055955320596695,0.5803300142288208,-0.04343786463141441,-0.42820966243743896,1.1393053531646729,-0.48630115389823914,1.0315672159194946,0.08985349535942078,0.01092268992215395,0.014394574798643589,0.07306947559118271,0.7850808501243591,1.0069414377212524,0.8413515686988831,0.6720518469810486,0.07937900722026825,0.006081435363739729,0.010699558071792126,0.046622078865766525,5.0072526931762695,9.00052547454834,-0.07025177375954579,0.07561764424178408,0.5596253223199097,-0.0031956872627191997,-0.5282538810398518,1.5073142471463747
179264,179,0.5822063684463501,-0.03127126768231392,0.575768768787384,-0.03288724645972252,-0.4334372878074646,1.2113484144210815,-0.43217307329177856,1.0874754190444946,0.08692021667957306,0.010810491628944874,0.01385542843490839,0.07201166450977325,0.7869311571121216,1.0031319856643677,0.8402673602104187,0.6755227446556091,0.07759906351566315,0.005735097918659449,0.010175063274800777,0.0468975231051445,3.971707820892334,8.805932998657227,-0.06561378260261753,0.0699037285452346,0.5537386716714794,0.013167383123320444,-0.6049189885339762,1.671013178378492
179265,179,0.5776843428611755,-0.018957002088427544,0.5715117454528809,-0.021498190239071846,-0.4590133726596832,1.2537741661071777,-0.41839244961738586,1.1955618858337402,0.08393818140029907,0.01071188785135746,0.013382707722485065,0.07106731832027435,0.788896381855011,0.9992299675941467,0.839147686958313,0.6790454387664795,0.07536666840314865,0.0056158797815442085,0.009771185927093029,0.046863388270139694,4.976894855499268,7.014973163604736,-0.0653463778482859,0.06652561587590905,0.5476894817861404,0.029877514907105517,-0.6049189885339232,1.6710131783784947
179266,179,0.5730645656585693,-0.00654089730232954,0.5672375559806824,-0.009018663316965103,-0.4593043327331543,1.2404426336288452,-0.4304533898830414,1.2939279079437256,0.08127418160438538,0.010625378228724003,0.012968814000487328,0.0694611594080925,0.7908422946929932,0.9953011870384216,0.8380413055419922,0.6825913190841675,0.073100246489048,0.005486846901476383,0.00942256674170494,0.046604398638010025,4.910678863525391,7.3207902908325195,-0.05968648860976927,0.06558353322281035,0.5411436157812989,0.047538699481013,-0.6771115454060722,1.8092500090681671
179267,179,0.5685009360313416,0.0059300875291228294,0.5629105567932129,0.004286444745957851,-0.4559002220630646,1.2518284320831299,-0.4366537928581238,1.353812336921692,0.07828648388385773,0.010549422353506088,0.012606063857674599,0.0660148411989212,0.7927639484405518,0.9912149310112,0.8369625806808472,0.6863433718681335,0.0706167072057724,0.005090609658509493,0.009138992987573147,0.04563941806554794,4.849729537963867,9.817767143249512,-0.04489052619137346,0.0605506594242967,0.5343725003272388,0.06563119957169375,-0.6771115454061251,1.8092500090681671
179268,179,0.5640759468078613,0.019006602466106415,0.5586434602737427,0.0181137565523386,-0.44228053092956543,1.3450618982315063,-0.4291822910308838,1.3913121223449707,0.07480883598327637,0.010482676327228546,0.01228778064250946,0.061359718441963196,0.7946583032608032,0.9868049025535583,0.8359529376029968,0.6904363632202148,0.06750977784395218,0.004593039862811565,0.00900861993432045,0.043890729546546936,6.640133857727051,10.445804595947266,-0.032532385358985616,0.054002745432476754,0.5272031993709616,0.08435098077099266,-0.7448315516562987,1.9159326490930595
179269,179,0.5599852800369263,0.033083315938711166,0.5544805526733398,0.03219519183039665,-0.39611825346946716,1.4488779306411743,-0.4146461486816406,1.410497784614563,0.0705813616514206,0.010424051433801651,0.012008619494736195,0.05741066485643387,0.7964864373207092,0.9820035099983215,0.8350426554679871,0.6948457956314087,0.06380274891853333,0.004021790809929371,0.008871248923242092,0.04248189553618431,6.836104393005371,12.200112342834473,-0.03266170807743135,0.045026717917218226,0.5197548838543992,0.10351030726192348,-0.7448315516562987,1.915932649093066
179270,179,0.5562648177146912,0.04834549129009247,0.5505374670028687,0.046534463763237,-0.36108872294425964,1.579846978187561,-0.38272517919540405,1.4534703493118286,0.06486222892999649,0.01037257257848978,0.011763791553676128,0.05442683771252632,0.798298716545105,0.9767014980316162,0.8342705965042114,0.6996352076530457,0.058781951665878296,0.00332710612565279,0.008851924911141396,0.041792161762714386,8.141560554504395,14.126216888427734,-0.03553659257289732,0.02981005180089407,0.511997928351662,0.12303625156129451,-0.8080790072846027,1.9910610984531851
179271,179,0.5531028509140015,0.06510496139526367,0.5470916032791138,0.06178140640258789,-0.296193927526474,1.736557126045227,-0.32417619228363037,1.58568274974823,0.057945311069488525,0.010327372699975967,0.011549046263098717,0.053011976182460785,0.8000367879867554,0.9708775877952576,0.833684504032135,0.7047713398933411,0.05245974659919739,0.002674987306818366,0.008922111243009567,0.042027994990348816,10.018954277038574,15.09951114654541,-0.04399305101343906,0.014788013132174503,0.5039171382788165,0.1429468625458266,-0.8080790072846027,1.9910610984531851
179272,179,0.5506799817085266,0.08329886943101883,0.5442940592765808,0.07871628552675247,-0.20972418785095215,1.8778598308563232,-0.24849852919578552,1.7840332984924316,0.05141308158636093,0.010287591256201267,0.011360211297869682,0.05797507241368294,0.8015986680984497,0.9646452069282532,0.8332046270370483,0.7099019885063171,0.04652739316225052,0.0022127467673271894,0.008832605555653572,0.04637724906206131,9.014406204223633,14.061691284179688,-0.0589007341536856,-0.006389822713146344,0.4956083086345943,0.1630265364199526,-0.8668539122909842,2.0346353571485243
179273,179,0.5486057996749878,0.10238255560398102,0.5420159697532654,0.09740042686462402,-0.19587017595767975,1.9430159330368042,-0.20152918994426727,1.945805311203003,0.04586553946137428,0.010252708569169044,0.030098391696810722,0.07104229927062988,0.8029751777648926,0.95804762840271,0.831648588180542,0.7148883938789368,0.041290536522865295,0.001725211855955422,0.023140178993344307,0.05690824240446091,8.29723834991455,15.308694839477539,-0.07378976839267845,-0.033126427743281436,0.4869397695116845,0.18337288999143933,-0.8668539122909842,2.034635357148537
179274,179,0.5465763211250305,0.12231987714767456,0.5401883125305176,0.11755276471376419,-0.21239621937274933,2.0332417488098145,-0.1717025488615036,2.0725152492523193,0.04110664874315262,0.010221979580819607,0.047323696315288544,0.07761853188276291,0.80417799949646,0.9510435461997986,0.8302123546600342,0.720378041267395,0.036833569407463074,0.0011695229914039373,0.036976877599954605,0.06380955129861832,10.475702285766602,16.16535186767578,-0.07894119013232903,-0.05011583129253863,0.47811484613095284,0.2037538599150021,-0.9211562666754168,2.046655425179096
179275,179,0.5447244048118591,0.1433388739824295,0.5386935472488403,0.13900093734264374,-0.18399381637573242,2.1410458087921143,-0.14760690927505493,2.186800479888916,0.037045110017061234,0.010195104405283928,0.06074526906013489,0.08708517998456955,0.8052998781204224,0.9436808228492737,0.8290038108825684,0.7260271310806274,0.03343866020441055,0.0007644214201718569,0.04737976938486099,0.07259182631969452,9.704811096191406,17.463348388671875,-0.08937858634170029,-0.06355455376708896,0.4689032834641985,0.22422041416679456,-0.9211562666754433,2.046655425179109
179276,179,0.5426875352859497,0.16526061296463013,0.5371487736701965,0.16125601530075073,-0.22602596879005432,2.2320187091827393,-0.16755902767181396,2.257911443710327,0.033534739166498184,0.01017141155898571,0.08035974204540253,0.10135494917631149,0.8066298961639404,0.9360628128051758,0.8273420929908752,0.7315556406974792,0.03109852969646454,0.0005647547077387571,0.06138581410050392,0.08491349220275879,7.817270755767822,16.14856719970703,-0.10470129666055408,-0.0844240821760277,0.4595980467519333,0.24465024661447468,-0.9709860704379535,2.0271213025449013
179277,179,0.5396031141281128,0.18748176097869873,0.5349211692810059,0.18386803567409515,-0.36304935812950134,2.227257251739502,-0.2606431543827057,2.2752959728240967,0.03050840087234974,0.010150615125894547,0.09251228719949722,0.1158996969461441,0.808481752872467,0.9284642934799194,0.8256112933158875,0.7369574904441833,0.029632775112986565,0.0006994224968366325,0.06952964514493942,0.09741732478141785,5.500762462615967,14.628608703613281,-0.1196550666991423,-0.09532122865558765,0.4498881860475537,0.2649214596399251,-0.9709860704379535,2.0271213025449146
179278,179,0.5347906351089478,0.20929215848445892,0.5314940214157104,0.20647968351840973,-0.5632977485656738,2.1576056480407715,-0.4044782519340515,2.2584805488586426,0.027887554839253426,0.01013232208788395,0.09215240925550461,0.11992543935775757,0.8110013604164124,0.9211823344230652,0.8239979147911072,0.7424465417861938,0.02831331081688404,0.0013192570768296719,0.06891009211540222,0.10143415629863739,6.9325947761535645,10.40473461151123,-0.12097730201567658,-0.09008771117103367,0.4401384164087291,0.2851477210864067,-1.0126689515058789,1.9801716321007514
179279,179,0.5283823609352112,0.22988353669643402,0.5265172123908997,0.2287198156118393,-0.6955673098564148,1.9939907789230347,-0.5692148804664612,2.199744462966919,0.02561897039413452,0.010116269811987877,0.0893009826540947,0.11879448592662811,0.8139289617538452,0.9144195914268494,0.8222963213920593,0.7477867603302002,0.026635168120265007,0.0017878577345982194,0.06645902246236801,0.10131625831127167,8.646464347839355,10.377321243286133,-0.11271737883757804,-0.07284867407756919,0.4299749831729434,0.30490805097886725,-1.0163433235785675,1.9760329892459265
179280,179,0.5211328268051147,0.2492009401321411,0.5200574994087219,0.25031837821006775,-0.755462110042572,1.8710753917694092,-0.726234495639801,2.0971312522888184,0.02364792302250862,0.010102159343659878,0.08539636433124542,0.11397888511419296,0.817043662071228,0.9080473780632019,0.820487380027771,0.7529727816581726,0.025246255099773407,0.0021334541961550713,0.06290954351425171,0.0981321930885315,8.25836181640625,10.917989730834961,-0.08794154822544886,-0.06268997422801716,0.4198115499371578,0.32466838087132777,-1.0344470675152253,1.9394388932179145
179281,179,0.5132171511650085,0.26745375990867615,0.5119126439094543,0.270107239484787,-0.8236231803894043,1.7868529558181763,-0.8897693157196045,1.8629964590072632,0.021934015676379204,0.010089763440191746,0.08207531273365021,0.10694535821676254,0.820449948310852,0.9020017385482788,0.8184239864349365,0.7580047845840454,0.024244442582130432,0.002486786339432001,0.05932878702878952,0.0927782952785492,7.233920097351074,10.700969696044922,-0.06836315781077881,-0.0625791972321604,0.4092441807515635,0.3436122127516528,-1.0572280260972593,1.8933904852821584
179282,179,0.504314661026001,0.28473973274230957,0.5022071599960327,0.28730058670043945,-0.9395133256912231,1.6851869821548462,-1.0258969068527222,1.6091288328170776,0.020440824329853058,0.010078865103423595,0.07887747883796692,0.09867225587368011,0.8242182731628418,0.89622962474823,0.8160644769668579,0.762889564037323,0.023441845551133156,0.002692463342100382,0.05595850199460983,0.08644834160804749,6.463158130645752,11.780035018920898,-0.05246577511160208,-0.05995915093535649,0.398671900490591,0.3625461176044758,-1.0572280260972593,1.8933904852821584
179283,179,0.4943307042121887,0.30131128430366516,0.49155348539352417,0.30242758989334106,-1.0506093502044678,1.6283109188079834,-1.0975141525268555,1.4353666305541992,0.019140243530273438,0.01006929762661457,0.07458183169364929,0.08905162662267685,0.828274667263031,0.8906424641609192,0.8135271072387695,0.7676877379417419,0.022512882947921753,0.002897500991821289,0.0523819662630558,0.07876524329185486,8.785910606384277,11.297698020935059,-0.03403359615000465,-0.04889264798066373,0.38777628469460734,0.38046596952631806,-1.093640177994002,1.7791937906536368
179284,179,0.4836682975292206,0.31730085611343384,0.4804028868675232,0.31618788838386536,-1.0902107954025269,1.5626916885375977,-1.1367734670639038,1.3286116123199463,0.018004614859819412,0.010060884058475494,0.06917917728424072,0.0791468471288681,0.8325052261352539,0.8852598667144775,0.8108671307563782,0.7723574042320251,0.02189015783369541,0.0030230185948312283,0.04776278883218765,0.07072985172271729,6.709802150726318,14.162332534790039,-0.021122481495027545,-0.03648295066188295,0.3768398829146673,0.3982579074328556,-1.0936401779940284,1.7791937906536368
179285,179,0.47229957580566406,0.33277323842048645,0.46884801983833313,0.3294844925403595,-1.1773080825805664,1.5286920070648193,-1.1751301288604736,1.347047209739685,0.01701132208108902,0.010053480975329876,0.06423413753509521,0.06926621496677399,0.8370741605758667,0.879988968372345,0.8079211115837097,0.7769331336021423,0.02156252972781658,0.0031262494157999754,0.043298207223415375,0.06271044164896011,5.451717376708984,14.828245162963867,-0.008019853902775653,-0.033954414451352555,0.3656518009132695,0.41490134587089667,-1.1255797792688487,1.633442905360335
179286,179,0.4598917067050934,0.3478761613368988,0.4567544162273407,0.34336918592453003,-1.2873635292053223,1.498311161994934,-1.2395102977752686,1.4254283905029297,0.016144830733537674,0.010046987794339657,0.05853084474802017,0.060990724712610245,0.8419710397720337,0.874752402305603,0.8047568202018738,0.781426727771759,0.02106238342821598,0.0029665690381079912,0.03863430768251419,0.05593349039554596,5.526828765869141,15.261144638061523,0.0007734425413227497,-0.02302204496661092,0.3543960031205816,0.4312357749245,-1.1255797792688487,1.633442905360335
179287,179,0.446645587682724,0.3629377782344818,0.4440159201622009,0.3581019341945648,-1.3576699495315552,1.5113143920898438,-1.310546636581421,1.5049867630004883,0.015388134866952896,0.010041290894150734,0.05192318558692932,0.05401020869612694,0.8468840718269348,0.8693922162055969,0.8016292452812195,0.7859136462211609,0.020017359405755997,0.002822638489305973,0.03436345234513283,0.050339531153440475,10.549168586730957,13.995845794677734,0.007416666211543049,-0.006926334803153411,0.3429512353187465,0.446396542484307,-1.1530468299217465,1.4628495935163963
179288,179,0.43368518352508545,0.37824609875679016,0.43079471588134766,0.37362340092658997,-1.2677109241485596,1.5333324670791626,-1.3471152782440186,1.569170355796814,0.0147248525172472,0.010036278516054153,0.046288833022117615,0.04806731641292572,0.8515618443489075,0.864007294178009,0.7985822558403015,0.7903295159339905,0.019260069355368614,0.002776965033262968,0.030223475769162178,0.045375626534223557,9.629390716552734,13.884854316711426,0.006561684976168158,0.0047464332788226815,0.3314207670195296,0.4610250384194709,-1.1530468299217729,1.4628495935163963
179289,179,0.42107516527175903,0.3935103118419647,0.4171820878982544,0.3892671465873718,-1.2516065835952759,1.5266540050506592,-1.357216238975525,1.562786340713501,0.014144811779260635,0.010031878016889095,0.04148012399673462,0.04300225153565407,0.8560844659805298,0.8586100935935974,0.7955998778343201,0.7946842908859253,0.01843366026878357,0.0027410206384956837,0.02690652385354042,0.04112810641527176,11.462556838989258,12.50220775604248,0.001845085243657757,-0.008436560402003579,0.31975509382223116,0.4746622531557335,-1.1760413299527748,1.2942609115783388
179290,179,0.4089502692222595,0.40873053669929504,0.40398406982421875,0.4048728346824646,-1.181354284286499,1.5169899463653564,-1.2802598476409912,1.5545554161071777,0.01363556832075119,0.010028001852333546,0.03752921149134636,0.03865084424614906,0.860366940498352,0.8532581329345703,0.7927075028419495,0.7989253997802734,0.017739979550242424,0.0027827946469187737,0.024095069617033005,0.03738570585846901,10.627918243408203,12.023062705993652,8.553761774215962e-05,-0.011414611272378083,0.3079946805227043,0.487604862271517,-1.1760413299527483,1.2942609115783388
179291,179,0.3973385989665985,0.4237321615219116,0.391684889793396,0.4201991558074951,-1.141854166984558,1.4897711277008057,-1.184059500694275,1.5164378881454468,0.013190346769988537,0.010024604387581348,0.035724155604839325,0.03491998836398125,0.8646740913391113,0.8481978178024292,0.7896358370780945,0.8028526902198792,0.017589958384633064,0.0033310092985630035,0.02222953736782074,0.03357827663421631,7.321603298187256,8.085589408874512,-0.0027596646423393156,-0.023660388183014025,0.2961438823349185,0.4997673138261404,-1.1945632793618277,1.1343886236603582
179292,179,0.385330468416214,0.43756863474845886,0.3798145055770874,0.4346277713775635,-1.2095147371292114,1.3335230350494385,-1.1610021591186523,1.4104061126708984,0.012800166383385658,0.01002162043005228,0.03530791774392128,0.03170422092080116,0.8691806793212891,0.8435767292976379,0.7863078117370605,0.8064385056495667,0.017573775723576546,0.0036671319976449013,0.021312817931175232,0.030508486554026604,3.8474035263061523,8.529763221740723,-0.0042447382438678405,-0.03251613784272278,0.28419824954130163,0.5111112000627431,-1.1945632793618277,1.1343886236603318
179293,179,0.3726556599140167,0.45035070180892944,0.3681392967700958,0.44813570380210876,-1.2959219217300415,1.2443817853927612,-1.1691601276397705,1.3074771165847778,0.012457667849957943,0.01415153406560421,0.033921804279088974,0.028921617195010185,0.8738612532615662,0.8386838436126709,0.7828749418258667,0.809809148311615,0.017382968217134476,0.006785820238292217,0.0201510451734066,0.027892855927348137,4.704313278198242,8.546462059020996,0.014720367947821084,-0.02461372399981529,0.272198106768004,0.521868619587888,-1.2086126781489581,0.9832327297624018
179294,179,0.3596227765083313,0.4625282287597656,0.3563322424888611,0.46072283387184143,-1.3138176202774048,1.1906745433807373,-1.2026816606521606,1.2093626260757446,0.012157339602708817,0.022593272849917412,0.031188849359750748,0.026512209326028824,0.8785586357116699,0.833455502986908,0.7794809937477112,0.8129721283912659,0.017061172053217888,0.01312975026667118,0.018295980989933014,0.025626419112086296,5.877516269683838,8.201570510864258,0.02381908077216105,-0.012726156466824262,0.260111979986515,0.531700946885512,-1.2086126781489845,0.983232729762349
179295,179,0.3465892970561981,0.4741261303424835,0.3440665304660797,0.4722462594509125,-1.2982964515686035,1.1324751377105713,-1.2526963949203491,1.1025927066802979,0.011894688941538334,0.027157088741660118,0.028540007770061493,0.02442852593958378,0.8832242488861084,0.8288269639015198,0.7760896682739258,0.8159605264663696,0.01683126389980316,0.017078375443816185,0.01632644422352314,0.023723891004920006,5.18690824508667,8.710980415344238,0.027936247203416725,-0.010435938850530346,0.2479982730326808,0.5411230655333384,-1.2181895263142055,0.8407932298844167
179296,179,0.3335464596748352,0.485182523727417,0.3312144875526428,0.48272302746772766,-1.3075146675109863,1.0800282955169678,-1.3119434118270874,1.003296971321106,0.011663711629807949,0.031146541237831116,0.02659919485449791,0.022613223642110825,0.887897253036499,0.8245259523391724,0.7726281881332397,0.8187689185142517,0.016651012003421783,0.02050112746655941,0.014811266213655472,0.02195664681494236,4.977786540985107,7.9630255699157715,0.031794316835989045,-0.013276404164599742,0.23581637776953956,0.5495309978321831,-1.2181895263142055,0.8407932298844696
179297,179,0.3204122483730316,0.4955790042877197,0.31785279512405396,0.49238789081573486,-1.3148267269134521,1.0088244676589966,-1.3495594263076782,0.9435340762138367,0.01146081555634737,0.03473993390798569,0.024799298495054245,0.02103179506957531,0.892505943775177,0.8204547762870789,0.7691919207572937,0.8214799165725708,0.016328584402799606,0.023185953497886658,0.013584082946181297,0.02066820114850998,5.483677387237549,10.599899291992188,0.03531175470104628,-0.01238940992199783,0.22362488704014577,0.5576875467548505,-1.2232938238575042,0.707070124026588
179298,179,0.307491272687912,0.5057579874992371,0.30449676513671875,0.501853883266449,-1.2812347412109375,1.022221565246582,-1.3289285898208618,0.9440869688987732,0.011282920837402344,0.03984876722097397,0.02314550057053566,0.01965542882680893,0.8970861434936523,0.8162076473236084,0.7657228112220764,0.8242059350013733,0.016309324651956558,0.02658163011074066,0.012215886265039444,0.01959838904440403,3.419318199157715,12.289495468139648,0.04072435511381731,-0.01167046087659998,0.2113919488015708,0.564758247995117,-1.2232938238575042,0.707070124026588
179299,179,0.2944379150867462,0.5161125659942627,0.2912306785583496,0.5113235712051392,-1.324845314025879,1.0460454225540161,-1.3234015703201294,0.9561949968338013,0.01112672034651041,0.03902922198176384,0.022436533123254776,0.01845460571348667,0.9018816351890564,0.8126060962677002,0.762006402015686,0.8267486095428467,0.016457047313451767,0.027297193184494972,0.01131390780210495,0.018146511167287827,3.3506274223327637,6.714608669281006,0.03359746416889681,-0.017500951921424812,0.19915845470159055,0.5717189583447875,-1.2238743932254816,0.5921901535381534
179300,179,0.28067147731781006,0.5256085395812988,0.2776493728160858,0.5206418037414551,-1.3892085552215576,0.9077267646789551,-1.3575360774993896,0.9329838752746582,0.010989709757268429,0.03683112934231758,0.021065497770905495,0.01740720309317112,0.9069399833679199,0.8097537159919739,0.7580639719963074,0.8289307951927185,0.01679905876517296,0.026695558801293373,0.009940181858837605,0.01680120639503002,-0.014681816101074219,4.987313747406006,0.02218453735595477,-0.011481536534288489,0.1869191989938018,0.5775395924666755,-1.2239255707788805,0.582063412188757
179301,179,0.26596757769584656,0.5337137579917908,0.26364895701408386,0.5294758081436157,-1.5103609561920166,0.7560369372367859,-1.4127888679504395,0.8542239665985107,0.01086952444165945,0.03681885451078415,0.019687138497829437,0.0164929311722517,0.9122693538665771,0.8071153163909912,0.7538998126983643,0.8309252262115479,0.01698163151741028,0.02640063315629959,0.00870556477457285,0.01594063825905323,-0.8310019969940186,7.668709754943848,0.03673669084706305,-0.0008925169132777688,0.17467994328601305,0.5833602265885636,-1.2221639080016642,0.530570066110839
179302,179,0.25055253505706787,0.5412433743476868,0.24941343069076538,0.5377466678619385,-1.5792689323425293,0.7332438826560974,-1.4520267248153687,0.7852829098701477,0.019038459286093712,0.0511697456240654,0.018482085317373276,0.01569170132279396,0.9165696501731873,0.8031631708145142,0.7494733333587646,0.8327988982200623,0.02526094578206539,0.03556405380368233,0.00753518333658576,0.015152809210121632,-1.3146865367889404,8.307884216308594,0.053709491010663024,0.02021849284756161,0.16247999430558743,0.5880319263392185,-1.2199471087084592,0.46577309437097664
179303,179,0.23439498245716095,0.5485101938247681,0.23448510468006134,0.545172929763794,-1.6433850526809692,0.7202989459037781,-1.5357952117919922,0.7056924700737,0.032739486545324326,0.05221430957317352,0.017431162297725677,0.014991450123488903,0.9202335476875305,0.8002660870552063,0.7447794079780579,0.8345504999160767,0.03963300585746765,0.03818894550204277,0.006471638102084398,0.014432440511882305,-2.360581159591675,6.704609394073486,0.05241360403209916,0.03498039213675547,0.15028052321850285,0.5926896572829286,-1.2199471087084592,0.46577309437097664
179304,179,0.2175140231847763,0.5553269386291504,0.21834072470664978,0.5517244338989258,-1.7084605693817139,0.6573998332023621,-1.6769720315933228,0.625613272190094,0.04797619581222534,0.051670148968696594,0.016513226553797722,0.01437867246568203,0.9238741993904114,0.7979036569595337,0.7398610711097717,0.8362602591514587,0.056361667811870575,0.038047172129154205,0.005534475203603506,0.013947076164186,-5.15737771987915,9.000480651855469,0.048184319452748925,0.050751629578213525,0.13816220805793425,0.5963921447051074,-1.2108078041667532,0.35819917057324685
179305,179,0.19997671246528625,0.5619423389434814,0.2008627951145172,0.5577698349952698,-1.7807223796844482,0.6618589162826538,-1.805094838142395,0.5930321216583252,0.06496306508779526,0.05198448523879051,0.01570955477654934,0.013841304928064346,0.9274782538414001,0.7954709529876709,0.7348431348800659,0.838026762008667,0.07467523962259293,0.03774942085146904,0.004977899137884378,0.013596693985164165,-3.7298130989074707,9.99254035949707,0.052042624116295635,0.0682295216813893,0.12605413001626672,0.59997413641084,-1.2108078041667598,0.35819917057324685
179306,179,0.18232786655426025,0.5688078999519348,0.18240153789520264,0.5638895630836487,-1.75566828250885,0.6950666308403015,-1.8875528573989868,0.6230133771896362,0.08446130901575089,0.0509813129901886,0.015005740337073803,0.01337004080414772,0.9308410882949829,0.7930569052696228,0.7298555970191956,0.8397953510284424,0.09529763460159302,0.03710702806711197,0.004496509209275246,0.01318738330155611,-3.6926889419555664,9.489471435546875,0.04456566959157962,0.0884364570803656,0.11405982014674518,0.6027771426567027,-1.1963699987838148,0.25934164079556765
179307,179,0.16488297283649445,0.5756996870040894,0.1631994992494583,0.570236325263977,-1.7292985916137695,0.6844700574874878,-1.9247483015060425,0.6482568979263306,0.09268345683813095,0.048392053693532944,0.014389215037226677,0.012956708669662476,0.935103178024292,0.7908880114555359,0.7249800562858582,0.8414697051048279,0.10718806087970734,0.03576868027448654,0.004248613957315683,0.012614154256880283,-2.152981758117676,6.746792793273926,0.03177147638919099,0.09444399942249426,0.1020961201589069,0.6053705590646581,-1.1963699987838148,0.25934164079556765
179308,179,0.1478748768568039,0.5821483731269836,0.14430944621562958,0.5767228007316589,-1.6727490425109863,0.609541118144989,-1.839735507965088,0.6447647213935852,0.09879942238330841,0.04515421390533447,0.013850303366780281,0.012595008127391338,0.9396798014640808,0.7891285419464111,0.7203940749168396,0.8429092168807983,0.11390254646539688,0.03406061977148056,0.004220116417855024,0.01200260128825903,-0.19901275634765625,4.648725986480713,0.024156783296863424,0.10023020469528662,0.09026820358716166,0.607343815286365,-1.1766336925598029,0.16920050503783327
179309,179,0.1318082958459854,0.587644636631012,0.1268937885761261,0.5829455256462097,-1.5525623559951782,0.5005269646644592,-1.6527843475341797,0.5929785370826721,0.1004469022154808,0.042670294642448425,0.013378404080867767,0.012277979403734207,0.9444200396537781,0.7877523899078369,0.7160874605178833,0.8440613746643066,0.11642175167798996,0.03266673535108566,0.0040757604874670506,0.011416381224989891,-2.1858632564544678,4.972739219665527,0.026420510997402502,0.10084383023414784,0.07850186666156284,0.6090358203367439,-1.1766336925598029,0.16920050503788614
179310,179,0.11658457666635513,0.592039167881012,0.11127962917089462,0.588262677192688,-1.4837232828140259,0.3948478400707245,-1.4794965982437134,0.48146864771842957,0.09893501549959183,0.041613250970840454,0.012965012341737747,0.012000021524727345,0.9492467045783997,0.7865720987319946,0.7121116518974304,0.8450018763542175,0.11462140083312988,0.03197072446346283,0.0042004669085145,0.01096768956631422,-0.7898092269897461,5.111093521118164,0.03465867013195713,0.09041220745489961,0.0668827313943225,0.6102490576864553,-1.1515988854946242,0.08777576330025526
179311,179,0.10254964232444763,0.5956238508224487,0.09742537140846252,0.5925447344779968,-1.3414382934570312,0.32011154294013977,-1.314394235610962,0.3728024661540985,0.09703563153743744,0.04351680353283882,0.012602698989212513,0.011756230145692825,0.9539307951927185,0.7855148911476135,0.7083572745323181,0.8455489277839661,0.1121903583407402,0.03418406844139099,0.004028658382594585,0.010174036957323551,-3.283848762512207,2.0005059242248535,0.04385874453579139,0.08627745044455498,0.055366742539376096,0.6111268153194579,-1.151598885494631,0.08777576330025526
179312,179,0.08913393318653107,0.5976019501686096,0.08458127081394196,0.5951801538467407,-1.3090373277664185,0.12390508502721786,-1.234397053718567,0.1932060718536377,0.09287595003843307,0.04834428429603577,0.012285295873880386,0.011542519554495811,0.9586225152015686,0.7846996188163757,0.7047551870346069,0.845726728439331,0.10791987925767899,0.03846430033445358,0.003908037208020687,0.009643292985856533,-4.762149810791016,2.8284168243408203,0.04926624076479613,0.06909762149798965,0.043998776583371306,0.6116497649493343,-1.121265577588303,0.015067415582674975
179313,179,0.07626310735940933,0.5982183218002319,0.07267814129590988,0.5962880253791809,-1.2601219415664673,0.009808771312236786,-1.151711344718933,0.03697032481431961,0.08913778513669968,0.07052269577980042,0.012007137760519981,0.011355124413967133,0.963227391242981,0.7827526926994324,0.7012776732444763,0.8455997705459595,0.10326243937015533,0.05387086793780327,0.003775777528062463,0.009171606041491032,-5.626870155334473,3.072543144226074,0.07532632884979729,0.06751662712088374,0.032786120807488175,0.6118004391051611,-1.121265577588303,0.015067415582674975
179314,179,0.06381257623434067,0.5978383421897888,0.0614139698445797,0.5958445072174072,-1.2265186309814453,-0.07468854635953903,-1.1046979427337646,-0.11626950651407242,0.08525823056697845,0.08751213550567627,0.011762410402297974,0.011190172284841537,0.9677579998970032,0.7813466191291809,0.6978299617767334,0.8450919389724731,0.09881480038166046,0.06940033286809921,0.00358986365608871,0.00853094831109047,-5.819904804229736,-1.028909683227539,0.09128250897554592,0.06268112566525252,0.0217117121694468,0.6117028321673629,-1.0856337688408215,-0.048924538114801845
179315,179,0.051481153815984726,0.5960018038749695,0.050245121121406555,0.5937095880508423,-1.2205100059509277,-0.2524333894252777,-1.1113481521606445,-0.27488839626312256,0.08155843615531921,0.10071536898612976,0.011547962203621864,0.011045563034713268,0.972189724445343,0.780876100063324,0.6944497227668762,0.8442847728729248,0.09439487010240555,0.08191011101007462,0.0034608596470206976,0.008170226588845253,-6.473020553588867,-0.07973074913024902,0.10400607997683031,0.059769871915753905,0.010855374481038486,0.6112135867862145,-1.0856337688408224,-0.048924538114801845
179316,179,0.03940051048994064,0.5930039882659912,0.03913938254117966,0.5903530716896057,-1.1962207555770874,-0.34114640951156616,-1.1122626066207886,-0.3880763649940491,0.07859417796134949,0.12655694782733917,0.011359388008713722,0.010918357409536839,0.9764935374259949,0.7801382541656494,0.6911013722419739,0.8431245684623718,0.09057756513357162,0.1018160805106163,0.003343695541843772,0.007477780804038048,-5.893497467041016,-3.5493838787078857,0.13333528537086284,0.06102721151822624,0.00011691116769047862,0.6105651544329017,-1.0447034592521818,-0.10420009779233382
179317,179,0.02747092954814434,0.5885656476020813,0.027730494737625122,0.5857289433479309,-1.1769130229949951,-0.5073188543319702,-1.154900312423706,-0.5113117694854736,0.0758783370256424,0.14540113508701324,0.011193911544978619,0.010806692764163017,0.9805009365081787,0.7800053954124451,0.688020646572113,0.8417134881019592,0.08625327795743942,0.11978963017463684,0.00358986365608871,0.007309739477932453,-2.8074443340301514,-2.502434253692627,0.1508842509496956,0.05965642875089913,-0.010330123424831429,0.6095231534549783,-1.0447034592521813,-0.10420009779233382
179318,179,0.0166154932230711,0.5833695530891418,0.016327105462551117,0.5803484320640564,-1.0327072143554688,-0.5457110404968262,-1.1461275815963745,-0.5798453688621521,0.0734601616859436,0.17386162281036377,0.011048507876694202,0.010708547197282314,0.9841196537017822,0.7798020243644714,0.6852376461029053,0.8401447534561157,0.08252053707838058,0.14148107171058655,0.0036671319976449013,0.007043512538075447,-2.7164793014526367,-3.074197769165039,0.18282430535196711,0.05893594712423032,-0.020690253406756197,0.6083936268383116,-0.9984746488223865,-0.15075926344976232
179319,179,0.006722952704876661,0.5775681138038635,0.004967032931745052,0.574066698551178,-0.9555675983428955,-0.6014328598976135,-1.1108757257461548,-0.6599851250648499,0.06845813244581223,0.19063043594360352,0.010920916683971882,0.010622400790452957,0.9877808094024658,0.7801529169082642,0.6825144290924072,0.8383990526199341,0.07801786810159683,0.1606665700674057,0.003478443482890725,0.006795838009566069,-5.040585994720459,-4.457218647003174,0.19643046665587216,0.03810064563963893,-0.030674999894980147,0.6068860342038137,-0.9984746488223865,-0.1507592634498152
179320,179,-0.0030681893695145845,0.5710917711257935,-0.0057826717384159565,0.5669792294502258,-0.9810171723365784,-0.6631552577018738,-1.0186858177185059,-0.7245020270347595,0.06245947629213333,0.20757633447647095,0.01080893725156784,0.01054677739739418,0.9914847612380981,0.7808429002761841,0.6800082325935364,0.8368417620658875,0.0709255263209343,0.17453283071517944,0.0037836115807294846,0.007139896973967552,-1.601628065109253,-0.46167850494384766,0.2138653792942673,0.025489219761722193,-0.04061440853875365,0.605345144475953,-0.9511215434480318,-0.1855364080125649
179321,179,-0.011927801184356213,0.5654338002204895,-0.01480481494218111,0.5602817535400391,-0.8461495637893677,-0.5222065448760986,-0.8406277894973755,-0.647549033164978,0.05784726142883301,0.22578947246074677,0.01071059051901102,0.010480348952114582,0.9947780966758728,0.7812764644622803,0.6778456568717957,0.8356103897094727,0.06446180492639542,0.18650245666503906,0.003992361947894096,0.007450598757714033,0.11190176010131836,1.1882448196411133,0.23295173067928876,0.029009679407633215,-0.05008388191426807,0.6034591241250813,-0.9469473375514361,-0.1886020350871931
179322,179,-0.019639957696199417,0.5610262155532837,-0.022451961413025856,0.5544895529747009,-0.7237038016319275,-0.38572728633880615,-0.7144891023635864,-0.5211229920387268,0.05133739858865738,0.22470273077487946,0.0106242336332798,0.01042200531810522,0.9979550838470459,0.7820310592651367,0.6758407354354858,0.8346635103225708,0.05779547989368439,0.19099366664886475,0.0039109778590500355,0.007715604268014431,-2.31697678565979,1.182241439819336,0.22007611093536078,0.0066073039220952146,-0.059553355289783616,0.6015731037742093,-0.9217848711986193,-0.2014991934301282
179323,179,-0.026919152587652206,0.5576046109199524,-0.029289251193404198,0.5499503016471863,-0.7165619730949402,-0.2925184965133667,-0.6475433707237244,-0.37885332107543945,0.04578851908445358,0.22093310952186584,0.014585200697183609,0.010370709002017975,1.0010528564453125,0.7830318212509155,0.6737105250358582,0.834139347076416,0.05153977870941162,0.18759554624557495,0.005864372011274099,0.008193504065275192,-4.081144332885742,3.2673025131225586,0.2048392826182012,-0.015127758508800646,-0.06846139646755321,0.599399318311142,-0.8901215254393259,-0.2177284127045204
179324,179,-0.03410300239920616,0.5556697845458984,-0.035381052643060684,0.5472171902656555,-0.7208839058876038,-0.11872560530900955,-0.5843602418899536,-0.18495307862758636,0.04104326665401459,0.21588149666786194,0.01973828487098217,0.010325636714696884,1.004153847694397,0.7838799357414246,0.6713739633560181,0.8338928818702698,0.04670543223619461,0.18233269453048706,0.008138860575854778,0.008309945464134216,-5.790458679199219,0.04408121109008789,0.19413895362223943,-0.020451942697916753,-0.07736261172194707,0.5972220341840964,-0.8901215254393259,-0.21772841270457324
179325,179,-0.04190042242407799,0.5546059012413025,-0.04140991345047951,0.5459795594215393,-0.8073502779006958,-0.07320316135883331,-0.6052680015563965,-0.061235666275024414,0.03698963299393654,0.2070111632347107,0.022671351209282875,0.01028619147837162,1.0073742866516113,0.7846669554710388,0.6689033508300781,0.8338893055915833,0.04270860180258751,0.1745104044675827,0.009287849068641663,0.008621275424957275,-8.04916000366211,1.8073201179504395,0.16800650257638272,-0.023167254154216693,-0.08571217053969585,0.5948635118543563,-0.8279972124860627,-0.23813839630184996
179326,179,-0.050449252128601074,0.5545169115066528,-0.047848038375377655,0.5460085868835449,-0.88921058177948,0.047613371163606644,-0.6992629170417786,0.06157999858260155,0.03348420560359955,0.19824886322021484,0.02135794796049595,0.010251400992274284,1.0107345581054688,0.7852596640586853,0.6663859486579895,0.8341582417488098,0.03923049196600914,0.16504231095314026,0.008438650518655777,0.00884684082120657,-7.590149879455566,0.9772109985351562,0.15930065920001155,-0.012204236957041148,-0.09399214266455702,0.5924821278913376,-0.8279972124860627,-0.23813839630184996
179327,179,-0.059630054980516434,0.5554139614105225,-0.05582857504487038,0.5471621751785278,-0.9410008788108826,0.12394069135189056,-0.882176399230957,0.15834085643291473,0.030464831739664078,0.18723800778388977,0.019940262660384178,0.01022089272737503,1.0142719745635986,0.78569096326828,0.6636388897895813,0.8345720171928406,0.03655688092112541,0.1555660516023636,0.007262484170496464,0.008938390761613846,-9.84637451171875,0.9366416931152344,0.137118936469249,0.0006492595520883604,-0.10174083111555463,0.5900085998470853,-0.7605743986916399,-0.24983198587912894
179328,179,-0.06976404041051865,0.5568370819091797,-0.06572546809911728,0.5489846467971802,-1.0683443546295166,0.16464921832084656,-1.0698981285095215,0.2084588259458542,0.027921609580516815,0.17525501549243927,0.018702013418078423,0.01019404735416174,1.017981767654419,0.7860462665557861,0.6606444120407104,0.8351485133171082,0.03409028798341751,0.1448439061641693,0.006430669222027063,0.009125746786594391,-7.559141159057617,1.0683679580688477,0.1195210252872401,0.01057359143435746,-0.10934657510247109,0.5875102799882941,-0.7605743986916399,-0.24983198587912894
179329,179,-0.08061348646879196,0.5588869452476501,-0.07700615376234055,0.5514920949935913,-1.109899640083313,0.22779181599617004,-1.1767857074737549,0.27607303857803345,0.03384314849972725,0.16329136490821838,0.017622217535972595,0.010170484893023968,1.0205899477005005,0.7862181663513184,0.6576513648033142,0.8359367251396179,0.03867318853735924,0.13331830501556396,0.005880291573703289,0.009358253329992294,-3.902338743209839,2.6584243774414062,0.10609398794082404,0.034798464216733216,-0.11645200517998827,0.5849914773816899,-0.6878530840560572,-0.25280918143635733
179330,179,-0.09126179665327072,0.5617886781692505,-0.08892788738012314,0.5547347664833069,-1.0550693273544312,0.3152475655078888,-1.2175064086914062,0.34320029616355896,0.04604959860444069,0.1505410522222519,0.016678567975759506,0.010149777866899967,1.0221433639526367,0.7862018942832947,0.6546669602394104,0.8368415832519531,0.05026248097419739,0.12229306250810623,0.005319291725754738,0.0094480961561203,-4.296996593475342,2.974221706390381,0.08793821679025016,0.048119246479191996,-0.12333053602054936,0.5824633855673259,-0.6878530840560638,-0.25280918143635733
179331,179,-0.10178858786821365,0.5651203393936157,-0.1012447401881218,0.5583226680755615,-1.0461176633834839,0.3458305597305298,-1.2353277206420898,0.37164393067359924,0.04734845831990242,0.1363445222377777,0.015854213386774063,0.01013159565627575,1.0247540473937988,0.7861226201057434,0.6517155766487122,0.8378953337669373,0.05378217250108719,0.11027462780475616,0.004906763322651386,0.009690343402326107,-5.449985504150391,5.4373931884765625,0.06439130371432572,0.04758198208291049,-0.12975031971785686,0.5799690395505301,-0.6098332685793347,-0.24706998297353513
179332,179,-0.11223867535591125,0.5690663456916809,-0.11333875358104706,0.5623244047164917,-1.0479252338409424,0.4262098968029022,-1.176063895225525,0.42154520750045776,0.05334814265370369,0.12223544716835022,0.015132451429963112,0.01011560671031475,1.0272090435028076,0.7859463691711426,0.648676335811615,0.8390052318572998,0.05981798470020294,0.09884712100028992,0.004278100561350584,0.009596256539225578,-6.326665878295898,3.7256240844726562,0.048446692479271296,0.05441494825485811,-0.13584865240365057,0.5774983397207945,-0.6098332685793215,-0.24706998297353513
179333,179,-0.12311592698097229,0.5731302499771118,-0.12473559379577637,0.5665692687034607,-1.1031376123428345,0.40434375405311584,-1.0922378301620483,0.4362555742263794,0.06193559989333153,0.10693072527647018,0.014501657336950302,0.010101579129695892,1.029274821281433,0.7857896685600281,0.6456692814826965,0.8402421474456787,0.06795727461576462,0.08611001819372177,0.004092446528375149,0.009840808808803558,-4.538564682006836,6.791105270385742,0.023818099487716834,0.06361672565097279,-0.14154040171401913,0.5750981814459675,-0.5265149522614327,-0.2326143904907152
179334,179,-0.1336669623851776,0.5777937173843384,-0.13482721149921417,0.5713701248168945,-1.0320483446121216,0.490730345249176,-0.9638254046440125,0.4962199628353119,0.07906998693943024,0.0929551050066948,0.013949049636721611,0.010089248418807983,1.0302718877792358,0.7854524254798889,0.6429142355918884,0.841546356678009,0.08233829587697983,0.07442579418420792,0.004107171203941107,0.009802920743823051,-1.6053426265716553,5.075030326843262,0.014310760270787856,0.08264899414603662,-0.14680555123663355,0.5727720375410604,-0.5265149522614327,-0.2326143904907152
179335,179,-0.14316052198410034,0.5826594233512878,-0.1439882069826126,0.5764837861061096,-0.8842471241950989,0.4763498604297638,-0.8840274810791016,0.5138068795204163,0.08217993378639221,0.08080591261386871,0.013465448282659054,0.012270253151655197,1.0318999290466309,0.7850815057754517,0.6405646204948425,0.8425799012184143,0.08800756931304932,0.06483704596757889,0.0042859651148319244,0.011391532607376575,-1.6093146800994873,4.0000319480896,-0.012591800368949482,0.08288382264607597,-0.15172687815333416,0.5705357981603626,-0.43789813510239756,-0.2094424039877918
179336,179,-0.15127499401569366,0.5870136618614197,-0.15250283479690552,0.5814155340194702,-0.7379747629165649,0.40616145730018616,-0.8097019791603088,0.47637906670570374,0.08051767200231552,0.07069370150566101,0.013041666708886623,0.022965967655181885,1.0339999198913574,0.7847753763198853,0.6386088728904724,0.8428888916969299,0.08738408237695694,0.0568012036383152,0.004299728665500879,0.019973551854491234,-3.604193925857544,4.786434173583984,-0.02463934864430893,0.07068388932891496,-0.15610585950435812,0.5684413741204845,-0.43789813510239756,-0.20944240398784464
179337,179,-0.1582699418067932,0.5906410217285156,-0.16012467443943024,0.5857565999031067,-0.6555861830711365,0.3280421495437622,-0.7029996514320374,0.4000742733478546,0.07708226889371872,0.06222689151763916,0.012670709751546383,0.026603879407048225,1.036206841468811,0.7845517992973328,0.6369143724441528,0.8434377312660217,0.0839855968952179,0.05024963989853859,0.004316443577408791,0.02308102883398533,-4.056430816650391,5.596587657928467,-0.027236241405459716,0.05657615852761593,-0.16021437602066124,0.566438784786076,-0.3439828171021894,-0.17755402346492352
179338,179,-0.16440504789352417,0.593631386756897,-0.16642746329307556,0.5893740653991699,-0.5768016576766968,0.26517361402511597,-0.5643491148948669,0.3200494945049286,0.07339298725128174,0.05505766347050667,0.012344720773398876,0.026809917762875557,1.038228988647461,0.7843883633613586,0.6355629563331604,0.8441370725631714,0.07917715609073639,0.044373705983161926,0.004528021905571222,0.023368055000901222,-2.012385129928589,7.609963417053223,-0.02684370098902753,0.051220425543259104,-0.16365420419168317,0.5646632445514271,-0.3439828171021762,-0.17755402346487065
179339,179,-0.16926515102386475,0.5963812470436096,-0.17113450169563293,0.5923721790313721,-0.42688170075416565,0.2604789137840271,-0.4085766673088074,0.2637815773487091,0.06939130276441574,0.04896555468440056,0.012058578431606293,0.027323570102453232,1.039919137954712,0.7841517329216003,0.6345928907394409,0.8448180556297302,0.07409875094890594,0.039187848567962646,0.00472810585051775,0.023853877559304237,-1.9368135929107666,9.911384582519531,-0.02740591399673882,0.04511627320105601,-0.16690752230085934,0.5629640364154687,-0.2447689982608348,-0.13694924892189891
179340,179,-0.17281518876552582,0.5991305708885193,-0.17447495460510254,0.5947815775871277,-0.3033343553543091,0.27140817046165466,-0.280049204826355,0.21610581874847412,0.06352053582668304,0.04376746341586113,0.01180745754390955,0.034470006823539734,1.0415581464767456,0.7838987112045288,0.6337699294090271,0.8449917435646057,0.06864660978317261,0.03527006879448891,0.004577274899929762,0.029278583824634552,-4.920078277587891,8.764772415161133,-0.0356361485747858,0.02745130473294871,-0.1693552122834677,0.5615945439262497,-0.2447689982608348,-0.13694924892189891
179341,179,-0.17599008977413177,0.6012732982635498,-0.17701222002506256,0.596488356590271,-0.3055402338504791,0.18299344182014465,-0.21250641345977783,0.1532735526561737,0.05633295327425003,0.0393206961452961,0.011587291955947876,0.044426627457141876,1.0432602167129517,0.7837173938751221,0.6330785155296326,0.8449199199676514,0.06145719438791275,0.03156279772520065,0.004652175586670637,0.03740984946489334,-4.1862335205078125,10.718286514282227,-0.04620361879189817,0.011329899911386422,-0.17171094397878806,0.5602684481409015,-0.1487231778061178,-0.09162356755901664
179342,179,-0.17859111726284027,0.6031607389450073,-0.1785656064748764,0.5980887413024902,-0.23478281497955322,0.1732732057571411,-0.12299530953168869,0.15210039913654327,0.05075681954622269,0.03549559786915779,0.011393880471587181,0.04381519928574562,1.0446438789367676,0.7834736704826355,0.6326864361763,0.8453980088233948,0.05448877066373825,0.028365077450871468,0.0049294824711978436,0.03760070726275444,-1.730736494064331,12.312636375427246,-0.03981704847143483,0.015262981711648735,-0.1731135107645712,0.5593921673373128,-0.1402566785783073,-0.0876280803588766
179343,179,-0.18005138635635376,0.6051352024078369,-0.17932629585266113,0.5998020768165588,-0.09380067139863968,0.19449201226234436,-0.06264635175466537,0.16895036399364471,0.0453096479177475,0.0322067029774189,0.01122445147484541,0.04462561756372452,1.045689344406128,0.7831723690032959,0.6325259208679199,0.8458733558654785,0.04871819540858269,0.0255584716796875,0.0049196043983101845,0.03830656036734581,-3.8901150226593018,14.11658763885498,-0.04477935308030266,0.007127791081109919,-0.17451607755035453,0.558515886533724,-0.09165460465569245,0.22139257817873254
179344,179,-0.18081866204738617,0.6071850061416626,-0.17993032932281494,0.6014665961265564,-0.05983522906899452,0.20828698575496674,-0.05696837976574898,0.1667771190404892,0.04063865914940834,0.02935856580734253,0.01158072054386139,0.044102758169174194,1.0464541912078857,0.7827280163764954,0.6325339674949646,0.8464862108230591,0.043333012610673904,0.022977279499173164,0.005323255434632301,0.038144100457429886,-1.97212815284729,14.434518814086914,-0.04068575945944561,-0.011630935582635797,-0.17483422086211475,0.5645345636821294,-0.03049588318328916,0.6102506424418167
179345,179,-0.1807880848646164,0.6095295548439026,-0.18022394180297852,0.6034259796142578,0.04042276367545128,0.24381132423877716,-0.01575668901205063,0.21132908761501312,0.03662499785423279,0.026890140026807785,0.01519356295466423,0.042946334928274155,1.0468167066574097,0.7820985317230225,0.6327499747276306,0.8472334742546082,0.038453370332717896,0.020656103268265724,0.007265500258654356,0.037500426173210144,0.1087188720703125,15.285747528076172,-0.03538055882285619,-0.015687528566615008,-0.17513917969394777,0.5706370701065476,-0.030495883183302375,0.6102506424418167
179346,179,-0.17959877848625183,0.6123051643371582,-0.17996792495250702,0.6059033274650574,0.17004956305027008,0.2938210368156433,0.05289798602461815,0.2680060565471649,0.03317107632756233,0.0247499980032444,0.02742166444659233,0.04204210266470909,1.0467604398727417,0.7813181281089783,0.6329826712608337,0.8480216264724731,0.03437533602118492,0.0188593789935112,0.01299257017672062,0.03676014393568039,0.8096718788146973,14.422163963317871,-0.03610674627413981,-0.029231047459883888,-0.1744246468818071,0.5756219267503669,0.08431328740960922,0.4843874781065452
179347,179,-0.17741650342941284,0.615237832069397,-0.17895537614822388,0.6087232828140259,0.2535650432109833,0.29554641246795654,0.1525745838880539,0.292500764131546,0.03019588440656662,0.022894416004419327,0.04594946652650833,0.04178734868764877,1.0462775230407715,0.7803754210472107,0.6333178281784058,0.8489021062850952,0.030784614384174347,0.01692361570894718,0.021809296682476997,0.0368865430355072,2.565743923187256,16.79886817932129,-0.04010845984116356,-0.04924706908507265,-0.1735815140077109,0.5804658015314329,0.08431328740960922,0.4843874781065452
179348,179,-0.1741282045841217,0.6187678575515747,-0.17640194296836853,0.612082839012146,0.36797669529914856,0.3806195855140686,0.33085450530052185,0.35664185881614685,0.027626385912299156,0.021282805129885674,0.0596080906689167,0.041431061923503876,1.0454877614974976,0.7792143225669861,0.6340274810791016,0.8498570919036865,0.027786176651716232,0.015530247241258621,0.028624121099710464,0.03665668144822121,3.7439942359924316,15.008716583251953,-0.03907563298479879,-0.06245209390827123,-0.17179431226209094,0.5843531328578926,0.20412080807174518,0.362996864393302
179349,179,-0.17003217339515686,0.6225389242172241,-0.17235484719276428,0.6157837510108948,0.44739776849746704,0.38002127408981323,0.47455447912216187,0.38487184047698975,0.0253952294588089,0.019876716658473015,0.07796887308359146,0.050502751022577286,1.0444246530532837,0.7780070304870605,0.6348201036453247,0.8503074645996094,0.025163769721984863,0.014336297288537025,0.03759950026869774,0.04386580362915993,3.7401890754699707,14.67582893371582,-0.0522524177392004,-0.08202052124258821,-0.16975310418137338,0.5879831015018254,0.20412080807174518,0.36299686439324913
179350,179,-0.16524161398410797,0.626270055770874,-0.16698379814624786,0.6196832656860352,0.5065019130706787,0.3668234050273895,0.5913424491882324,0.3928634524345398,0.023455936461687088,0.018649451434612274,0.09277155995368958,0.05400422215461731,1.0431281328201294,0.7768430113792419,0.6358743906021118,0.850931704044342,0.022853536531329155,0.013562016189098358,0.045330438762903214,0.04700249060988426,4.544620513916016,13.379526138305664,-0.05468823625473595,-0.09626245110709084,-0.16685324670172033,0.5908086879159011,0.32892667880310555,0.24607880130187548
179351,179,-0.15981778502464294,0.6296777129173279,-0.1606006622314453,0.6235228180885315,0.5678483843803406,0.31646251678466797,0.6732775568962097,0.3705689609050751,0.02177012898027897,0.01757867820560932,0.10496988892555237,0.055588506162166595,1.0417097806930542,0.7758169770240784,0.6370847225189209,0.8516134023666382,0.021159423515200615,0.012757251970469952,0.05145585909485817,0.04852703586220741,1.7195415496826172,15.192909240722656,-0.05590925457347355,-0.10809710535769942,-0.16356397991368904,0.59326947592892,0.32892667880310555,0.24607880130192833
179352,179,-0.15427176654338837,0.6328688263893127,-0.15360793471336365,0.6270538568496704,0.5468863844871521,0.31718283891677856,0.7176193594932556,0.3382205367088318,0.020296603441238403,0.016639821231365204,0.1170533075928688,0.05513455718755722,1.0404508113861084,0.7749269008636475,0.6381116509437561,0.8522904515266418,0.020037079229950905,0.01236693374812603,0.056843485683202744,0.04787452518939972,-1.105031967163086,13.176633834838867,-0.05226336411827377,-0.1200356078420944,-0.1595114798994488,0.595069097835587,0.45873089960370345,0.1336332888324772
179353,179,-0.149550199508667,0.6354535818099976,-0.14692983031272888,0.6299530267715454,0.43744438886642456,0.23322826623916626,0.6302645802497864,0.27004745602607727,0.019016070291399956,0.01582159847021103,0.11844037473201752,0.056530218571424484,1.0393725633621216,0.7742153406143188,0.6392071843147278,0.8527968525886536,0.018951840698719025,0.011753298342227936,0.05792022496461868,0.0488138385117054,-1.2002503871917725,14.009334564208984,-0.05681024151871894,-0.11882177491575105,-0.15492417090341146,0.5964054307239116,0.45873089960370345,0.1336332888324243
179354,179,-0.14539656043052673,0.6377236247062683,-0.1413298100233078,0.6324793100357056,0.39377540349960327,0.21774065494537354,0.4854515492916107,0.23451149463653564,0.017895612865686417,0.01510394737124443,0.11576730757951736,0.055437248200178146,1.0384985208511353,0.7735134363174438,0.6402511596679688,0.8533884286880493,0.018189821392297745,0.011127776466310024,0.056501492857933044,0.0482240691781044,-3.0577027797698975,16.02677345275879,-0.04853246511561638,-0.10136092778422962,-0.1496790415540303,0.5972148685281453,0.593533470473539,0.025660326984948478
179355,179,-0.14198513329029083,0.6400008201599121,-0.13739603757858276,0.6346491575241089,0.29650020599365234,0.2347397655248642,0.3185631036758423,0.20565931499004364,0.016917653381824493,0.014476215466856956,0.11195235699415207,0.05483805388212204,1.0378082990646362,0.7728082537651062,0.6411477327346802,0.853951632976532,0.01727527193725109,0.01078097615391016,0.054784588515758514,0.04738737642765045,0.5056333541870117,13.201689720153809,-0.05104124573255599,-0.09121413165439148,-0.14374370684929488,0.5974714717979945,0.5935334704735258,0.025660326984948478
179356,179,-0.13909143209457397,0.6420557498931885,-0.13490770757198334,0.6366194486618042,0.27728602290153503,0.18080784380435944,0.19502493739128113,0.18816085159778595,0.016064193099737167,0.013927368447184563,0.10557521134614944,0.05855059623718262,1.0371013879776,0.7722245454788208,0.6421177983283997,0.8542128205299377,0.016312533989548683,0.010397993959486485,0.05229125916957855,0.050104621797800064,2.5034284591674805,14.008892059326172,-0.0592889212983187,-0.07039583190029744,-0.137265961364219,0.5973265059047702,0.7333343914125989,-0.07784008424071062
179357,179,-0.1361134946346283,0.6438226103782654,-0.1331731230020523,0.6384645104408264,0.30294859409332275,0.1611991822719574,0.15177187323570251,0.1696995496749878,0.015316720120608807,0.013445905409753323,0.09843415766954422,0.058444179594516754,1.036492943763733,0.771794319152832,0.6430346369743347,0.8545014262199402,0.015877675265073776,0.010349679738283157,0.048400960862636566,0.04989814758300781,-0.47644853591918945,13.747210502624512,-0.05777594708822596,-0.05845124270677097,-0.12993261745009252,0.5965481050623633,0.7333343914125989,-0.07784008424065775
179358,179,-0.13370731472969055,0.6449989080429077,-0.13199946284294128,0.6397472023963928,0.20532265305519104,0.09422017633914948,0.10669542849063873,0.10502506792545319,0.014663041569292545,0.013024251908063889,0.09157947450876236,0.06096295267343521,1.0361474752426147,0.7717572450637817,0.6436730027198792,0.8543978929519653,0.015517473220825195,0.010731501504778862,0.04469255357980728,0.05077921599149704,-0.32047390937805176,8.6671142578125,-0.061462309089965736,-0.0524771819506642,-0.12218226902876798,0.5954845158766563,0.8781336624208899,-0.1768679448443415
179359,179,-0.13222789764404297,0.6447832584381104,-0.13120388984680176,0.6401681900024414,0.12065010517835617,-0.08969955146312714,0.08027558773756027,0.0028807446360588074,0.014091100543737411,0.012654860503971577,0.08178893476724625,0.06060001626610756,1.0358989238739014,0.7723288536071777,0.6442849636077881,0.8540265560150146,0.014951184391975403,0.011152580380439758,0.04030321165919304,0.049721330404281616,1.5746450424194336,6.92702054977417,-0.058331073858510545,-0.024676849709898342,-0.11340093240455851,0.5937158364282126,0.8781336624208832,-0.1768679448443415
179360,179,-0.13096097111701965,0.6429901123046875,-0.1302810162305832,0.6395814418792725,0.13074062764644623,-0.25325578451156616,0.10319311916828156,-0.12148580700159073,0.013590517453849316,0.012331195175647736,0.07152923196554184,0.05712566897273064,1.0356322526931763,0.773544192314148,0.6449676156044006,0.8533715605735779,0.014372211880981922,0.011810392141342163,0.03555329516530037,0.04605208709836006,2.362041473388672,5.169920921325684,-0.03526495670666501,0.0037488726845379995,-0.10433799424643149,0.5917694043549984,1.0279312834984118,-0.27142325482615565
179361,179,-0.12957502901554108,0.6393745541572571,-0.1291975975036621,0.6374064683914185,0.1473677158355713,-0.45552492141723633,0.11547621339559555,-0.3101204037666321,0.02005723863840103,0.012046527117490768,0.06289637833833694,0.051212430000305176,1.0342283248901367,0.775368332862854,0.6457991600036621,0.8525007963180542,0.019190313294529915,0.01212012954056263,0.03189681097865105,0.040904365479946136,4.391522407531738,6.883993148803711,-0.013652393389034616,0.020998112724357726,-0.09405868141144727,0.5890551718067373,1.0279312834984118,-0.2714232548261028
179362,179,-0.1273481398820877,0.6344109177589417,-0.12759177386760712,0.6334788799285889,0.26641422510147095,-0.549881637096405,0.1814424991607666,-0.48733219504356384,0.03503492474555969,0.016597755253314972,0.05561958625912666,0.04568912088871002,1.031379222869873,0.7769371271133423,0.6469051837921143,0.8514013290405273,0.03097359649837017,0.01591075398027897,0.028970099985599518,0.03595194220542908,5.736331939697266,7.8327250480651855,0.01726984679205905,0.037481831929991424,-0.08364316671596325,0.5862616772509911,1.1701872978806314,-0.3542084475940293
179363,179,-0.12386013567447662,0.6286029815673828,-0.12526610493659973,0.6275975704193115,0.40903452038764954,-0.6170697808265686,0.2756659686565399,-0.6861268877983093,0.039191000163555145,0.030742323026061058,0.04945234954357147,0.040972013026475906,1.029269814491272,0.7775459289550781,0.6483582258224487,0.8501092195510864,0.03534172847867012,0.02697385847568512,0.02658846415579319,0.031855758279561996,5.231521129608154,9.495790481567383,0.0330852206438502,0.03993626728035487,-0.07181589416951144,0.5826466171091317,1.1827272546451713,-0.36150601418594164
179364,179,-0.11909607797861099,0.6223863959312439,-0.12169086188077927,0.6199362277984619,0.5333899259567261,-0.6303748488426208,0.43830278515815735,-0.8251170516014099,0.038838427513837814,0.04426317289471626,0.04418205842375755,0.03691508620977402,1.0275180339813232,0.7782432436943054,0.6501852869987488,0.8486462831497192,0.03484541177749634,0.038810547441244125,0.02468208409845829,0.028186840936541557,6.652328968048096,7.8174543380737305,0.04655776581077045,0.03649918994614075,-0.05998862162305822,0.5790315569672718,1.253484170939404,-0.3994142097182454
179365,179,-0.11301197856664658,0.615684449672699,-0.11632352322340012,0.6114225387573242,0.6706781387329102,-0.7016485333442688,0.6225929260253906,-0.8563382029533386,0.0385432168841362,0.05003207549452782,0.039676498621702194,0.03342733159661293,1.025498867034912,0.7800272703170776,0.6523635387420654,0.8469384908676147,0.033773671835660934,0.04567335546016693,0.02296612598001957,0.024945883080363274,6.197810173034668,5.98996639251709,0.0511086254904006,0.036580075762174036,-0.046582600377506236,0.5745706782465906,1.3425215758611548,-0.447116222923858
179366,179,-0.10571812093257904,0.6080586910247803,-0.10918567329645157,0.6028851270675659,0.7896507382392883,-0.8021472096443176,0.799238383769989,-0.8447487950325012,0.03772354498505592,0.06283531337976456,0.03580456227064133,0.030415743589401245,1.0232133865356445,0.7817275524139404,0.654808521270752,0.8449033498764038,0.03243483603000641,0.057028550654649734,0.021474091336131096,0.021899020299315453,5.1171088218688965,3.4017562866210938,0.0653495475511528,0.032266168417999244,-0.03315738461889296,0.5700995160173516,1.3425215758611548,-0.447116222923858
179367,179,-0.09744998067617416,0.5991921424865723,-0.10051752626895905,0.59417724609375,0.8773620128631592,-0.9332976937294006,0.9371165633201599,-0.8854122757911682,0.036893706768751144,0.08066310733556747,0.03246670961380005,0.027808902785182,1.0205509662628174,0.7833011746406555,0.6576167941093445,0.8425468802452087,0.03066106326878071,0.07277479767799377,0.02046377956867218,0.019369127228856087,6.899394989013672,1.5953755378723145,0.08442953992002168,0.0313586588172933,-0.018268829734183978,0.5649078611303084,1.5073142471463747,-0.5282538810399047
179368,179,-0.08775580674409866,0.5893319845199585,-0.0903586894273758,0.5850303173065186,1.0448664426803589,-1.0205093622207642,1.0795522928237915,-0.945746123790741,0.03647768124938011,0.10474278032779694,0.029584327712655067,0.025549739599227905,1.0173048973083496,0.7845819592475891,0.6609360575675964,0.840041995048523,0.028933163732290268,0.09270885586738586,0.019775470718741417,0.017518773674964905,7.831065654754639,3.289659023284912,0.1104787955850687,0.033697057922103424,-0.003195687262718301,0.5596253223199094,1.5073142471463747,-0.5282538810398518
179369,179,-0.07620736956596375,0.5792566537857056,-0.07871365547180176,0.5753165483474731,1.2375876903533936,-1.0006176233291626,1.2277023792266846,-1.0021625757217407,0.034848760813474655,0.1253252774477005,0.027089588344097137,0.023588359355926514,1.0136598348617554,0.7860348224639893,0.664668083190918,0.8374846577644348,0.02688370645046234,0.11194370687007904,0.019022583961486816,0.01592462882399559,6.791741847991943,2.074131965637207,0.13079569423817194,0.023927650154796254,0.013167383123319446,0.5537386716714797,1.671013178378493,-0.6049189885339232
179370,179,-0.06326542049646378,0.5691266059875488,-0.06588762998580933,0.5648807883262634,1.3543319702148438,-1.0049294233322144,1.3431460857391357,-1.0605521202087402,0.0316426157951355,0.13306331634521484,0.02492554485797882,0.021882425993680954,1.009718894958496,0.7883349657058716,0.6688223481178284,0.8350393176078796,0.02342619001865387,0.12249422073364258,0.018576886504888535,0.014794315211474895,8.29165267944336,2.757749557495117,0.1352328716622676,0.0074645499046048225,0.029877514907105517,0.5476894817861404,1.6710131783784947,-0.6049189885339232
179371,179,-0.04874858632683754,0.5594728589057922,-0.05161059647798538,0.5544187426567078,1.5197652578353882,-0.9419772624969482,1.4904999732971191,-1.035356879234314,0.028874602168798447,0.14032596349716187,0.023047544062137604,0.020398516207933426,1.0052992105484009,0.7908444404602051,0.6733896732330322,0.8327800035476685,0.020136795938014984,0.12927138805389404,0.01815192401409149,0.01387651264667511,8.050863265991211,3.635430335998535,0.1424883454452326,0.001607461333747423,0.04753869948101083,0.5411436157812998,1.8092500090681671,-0.6771115454061251
179372,179,-0.03282097727060318,0.5505040884017944,-0.035921867936849594,0.5444715619087219,1.651650071144104,-0.8616613149642944,1.6354060173034668,-0.9549332857131958,0.026473253965377808,0.13999579846858978,0.021883096545934677,0.01910291612148285,1.0005595684051514,0.7937060594558716,0.6780800223350525,0.830596387386322,0.017876094207167625,0.13183268904685974,0.017619086429476738,0.012859700247645378,4.105679988861084,1.798689365386963,0.13830877740376224,-0.013768604249248056,0.06563119957169482,0.5343725003272385,1.8092500090681671,-0.6771115454060722
179373,179,-0.01652170717716217,0.541741132736206,-0.019266707822680473,0.535102367401123,1.6324163675308228,-0.865517258644104,1.7088381052017212,-0.9000434279441833,0.02439049817621708,0.13826489448547363,0.02511717565357685,0.01797284185886383,0.9957660436630249,0.7968997359275818,0.6825029253959656,0.8283738493919373,0.01611044444143772,0.13225221633911133,0.019702209159731865,0.011803124099969864,2.7843356132507324,-1.3674402236938477,0.12939430658869022,-0.02562354279859888,0.08435098077099153,0.527203199370962,1.915932649093066,-0.7448315516562987
179374,179,-0.000481247843708843,0.5327174067497253,-0.0020388010889291763,0.5262218117713928,1.5979975461959839,-0.9107288122177124,1.7455132007598877,-0.8668831586837769,0.02257683128118515,0.13726869225502014,0.02379058301448822,0.016983995214104652,0.9908556342124939,0.8001385927200317,0.6871587634086609,0.8262557983398438,0.014276108704507351,0.13065269589424133,0.01940949819982052,0.011347021907567978,3.7448573112487793,1.9271016120910645,0.13216225346107563,-0.014617734172840707,0.10351030726192463,0.5197548838543987,1.9159326490930595,-0.7448315516562987
179375,179,0.01587502472102642,0.5243022441864014,0.01580740325152874,0.5180369019508362,1.6483633518218994,-0.8052371144294739,1.7938289642333984,-0.7957119941711426,0.02100362442433834,0.14018665254116058,0.022060366347432137,0.016122495755553246,0.9857825040817261,0.8028439283370972,0.6919545531272888,0.8243257403373718,0.012724860571324825,0.13147780299186707,0.018727850168943405,0.010783038102090359,4.651312828063965,2.128903865814209,0.14106313789664457,-1.3591052684142069e-05,0.12303625156129333,0.5119979283516625,1.9910610984531982,-0.8080790072846027
179376,179,0.032593149691820145,0.5166307687759399,0.03354334086179733,0.5103360414505005,1.6891018152236938,-0.7377830147743225,1.7427952289581299,-0.747461199760437,0.019630974158644676,0.13778914511203766,0.020551929250359535,0.01536804623901844,0.9805135726928711,0.805515706539154,0.6968575716018677,0.8225129246711731,0.011264248751103878,0.13057686388492584,0.01809888519346714,0.010294190607964993,5.237841606140137,1.269237995147705,0.12550042609121187,0.002081651699522985,0.14294686254582778,0.5039171382788159,1.9910610984531982,-0.8080790072846027
179377,179,0.04971439391374588,0.5094525218009949,0.05052316561341286,0.5031129717826843,1.7290780544281006,-0.7012038230895996,1.6596436500549316,-0.7009074687957764,0.018433112651109695,0.13387605547904968,0.019236493855714798,0.014707531780004501,0.9749425053596497,0.8082351088523865,0.7019741535186768,0.8208739757537842,0.009737410582602024,0.12711107730865479,0.01778317801654339,0.009992457926273346,7.464232444763184,1.791839599609375,0.11368715347259195,0.005302647730478616,0.1630265364199526,0.4956083086345943,2.0346353571485243,-0.8668539122909842
179378,179,0.06768951565027237,0.5029472708702087,0.06704358011484146,0.4966016411781311,1.8357499837875366,-0.6236030459403992,1.6375818252563477,-0.6228560209274292,0.017389677464962006,0.1292039304971695,0.01809135265648365,0.014130507595837116,0.9691441059112549,0.810844898223877,0.7071938514709473,0.8194182515144348,0.008834638632833958,0.12235570698976517,0.01708805374801159,0.009788588620722294,4.574861526489258,4.134511947631836,0.10476943537816781,0.008429600470493404,0.18337288999143933,0.4869397695116845,2.034635357148537,-0.8668539122909842
179379,179,0.08588620275259018,0.4971858859062195,0.08354111015796661,0.490669846534729,1.7983967065811157,-0.5359110832214355,1.6777688264846802,-0.5624372959136963,0.016476375982165337,0.12264876812696457,0.017089560627937317,0.013624212704598904,0.9633562564849854,0.8133286237716675,0.7123208045959473,0.8181657791137695,0.008046825416386127,0.11626934260129929,0.016571681946516037,0.009543105959892273,6.210968494415283,2.6413750648498535,0.08799332541111157,-3.820567405476982e-05,0.2037538599150021,0.47811484613095284,2.046655425179096,-0.9211562666754168
179380,179,0.10389194637537003,0.49212270975112915,0.10084535926580429,0.48550423979759216,1.795549988746643,-0.482479453086853,1.7719907760620117,-0.48009759187698364,0.016030702739953995,0.11396507918834686,0.01621217653155327,0.013179630041122437,0.9575054049491882,0.8158271908760071,0.7174089550971985,0.8170451521873474,0.007561375852674246,0.1086437776684761,0.016096554696559906,0.00931947585195303,6.149768829345703,2.790656089782715,0.06737352354889649,0.012871204434141637,0.22422041416679456,0.4689032834641985,2.046655425179109,-0.9211562666754433
179381,179,0.12179556488990784,0.48756352066993713,0.11895517259836197,0.4810681641101837,1.785742163658142,-0.4373130798339844,1.8355861902236938,-0.4174104928970337,0.020335905253887177,0.10415493696928024,0.015445897355675697,0.012790435925126076,0.9510161876678467,0.8183072209358215,0.7225015759468079,0.8160943388938904,0.010402106679975986,0.09932925552129745,0.015772085636854172,0.009243992157280445,6.702642440795898,4.113149642944336,0.05022416465437537,0.0209615557638953,0.24465024661447468,0.4595980467519333,2.0271213025449013,-0.9709860704379535
179382,179,0.13983069360256195,0.48367437720298767,0.1375870555639267,0.47731316089630127,1.8139041662216187,-0.3581589162349701,1.8748843669891357,-0.34670326113700867,0.028705766424536705,0.09336046874523163,0.014775987714529037,0.012449493631720543,0.9439080953598022,0.8207220435142517,0.727619469165802,0.8152816295623779,0.01632002368569374,0.08932414650917053,0.015475966036319733,0.009059533476829529,7.0818281173706055,3.878142833709717,0.0323943587276223,0.03003043644399589,0.2649214596399251,0.4498881860475537,2.0271213025449146,-0.9709860704379535
179383,179,0.15807673335075378,0.4802536368370056,0.15629425644874573,0.47407299280166626,1.8375500440597534,-0.3279954791069031,1.8657701015472412,-0.3048862814903259,0.03247028589248657,0.08113424479961395,0.014189627021551132,0.012150543741881847,0.9370036125183105,0.8231523633003235,0.7329357862472534,0.8145998120307922,0.019068311899900436,0.07807528972625732,0.01556325051933527,0.008952638134360313,9.587409973144531,4.307427406311035,0.007929262628134648,0.03309474207680635,0.2851477210864067,0.4401384164087291,1.9801716321007514,-1.0126689515058789
179384,179,0.17716485261917114,0.4773310124874115,0.17511694133281708,0.47141215205192566,1.95077383518219,-0.28017085790634155,1.8828749656677246,-0.2504222095012665,0.035091131925582886,0.07094407081604004,0.013675417751073837,0.01202057208865881,0.9300783276557922,0.825515627861023,0.7383758425712585,0.8138439655303955,0.020994050428271294,0.06864522397518158,0.015316427685320377,0.008622290566563606,7.883601188659668,2.4566245079040527,-0.011086211753963848,0.03551306704218582,0.30490805097886725,0.4299749831729434,1.9760329892459265,-1.0163433235785675
179385,179,0.19658049941062927,0.4740775227546692,0.19380582869052887,0.4686957597732544,1.9487391710281372,-0.34723159670829773,1.8791733980178833,-0.27917537093162537,0.03350589796900749,0.062421541661024094,0.013225775212049484,0.030830182135105133,0.9235219359397888,0.8278643488883972,0.7438324093818665,0.8118708729743958,0.020245350897312164,0.06071207672357559,0.015149623155593872,0.022181805223226547,7.545177936553955,1.7589926719665527,-0.03389191195743741,0.022823990186952303,0.324668380871329,0.4198115499371572,1.9394388932178879,-1.0344470675152517
179386,179,0.2160758078098297,0.47019335627555847,0.21279412508010864,0.46567562222480774,1.9528409242630005,-0.42589670419692993,1.9224086999893188,-0.3242661952972412,0.03242529556155205,0.05521420016884804,0.012831109575927258,0.038475602865219116,0.9170617461204529,0.8303578495979309,0.7491937279701233,0.8101977705955505,0.019452059641480446,0.054829128086566925,0.014741354621946812,0.027778148651123047,5.663819313049316,1.5117812156677246,-0.03975722688290886,0.025126194254612044,0.3436122127516528,0.4092441807515635,1.8933904852821584,-1.0572280260972593
179387,179,0.23520898818969727,0.46526584029197693,0.23205654323101044,0.46187493205070496,1.8940197229385376,-0.5400744080543518,1.9366955757141113,-0.42179498076438904,0.031641073524951935,0.04911012947559357,0.012485708110034466,0.04209328442811966,0.9107474088668823,0.833164632320404,0.7543395757675171,0.808506965637207,0.019123854115605354,0.04974950850009918,0.014360591769218445,0.030168849974870682,3.724071979522705,2.239372730255127,-0.04276411743903834,0.02631753037252288,0.3625461176044769,0.3986719004905903,1.8933904852821584,-1.0572280260972593
179388,179,0.2536275088787079,0.459358811378479,0.25130128860473633,0.45703279972076416,1.802125334739685,-0.6347057819366455,1.9103174209594727,-0.5407463312149048,0.03500169515609741,0.04390830174088478,0.012183000333607197,0.0417027585208416,0.9042428731918335,0.8362022638320923,0.7592586278915405,0.8068152070045471,0.021376866847276688,0.04529404267668724,0.014019780792295933,0.02962929755449295,4.003744125366211,2.664971351623535,-0.03912345259717526,0.0356191932818718,0.38046596952631806,0.38777628469460734,1.7791937906536368,-1.093640177994002
179389,179,0.27137094736099243,0.45267820358276367,0.27015918493270874,0.4510481357574463,1.7445545196533203,-0.7052937746047974,1.8508896827697754,-0.6598978638648987,0.04845219478011131,0.03945009410381317,0.01191727165132761,0.04103735461831093,0.8968726396560669,0.8395140171051025,0.7639924883842468,0.8048611879348755,0.030176984146237373,0.041894614696502686,0.013772308826446533,0.028377732262015343,5.494320392608643,0.11255979537963867,-0.03663787081699307,0.051042793917838836,0.3982579074328567,0.37683988291466664,1.7791937906536368,-1.093640177994002
179390,179,0.2886773347854614,0.44481340050697327,0.2881101965904236,0.44368070363998413,1.723567008972168,-0.8549758195877075,1.7425018548965454,-0.8049403429031372,0.05847122520208359,0.035606589168310165,0.011683438904583454,0.040480636060237885,0.8897143006324768,0.843304455280304,0.7686333656311035,0.8024859428405762,0.0379200279712677,0.039184194058179855,0.013628226704895496,0.027130309492349625,4.774489402770996,-0.5403757095336914,-0.03680514838152241,0.06034902406250031,0.41490134587089567,0.36565180091327015,1.6334429053603086,-1.1255797792688487
179391,179,0.30576369166374207,0.43539825081825256,0.30490171909332275,0.4347769021987915,1.702172040939331,-1.0096802711486816,1.632116436958313,-0.9611204862594604,0.06345008313655853,0.03229304030537605,0.011478136293590069,0.03818027302622795,0.8829601407051086,0.8474985957145691,0.7734363675117493,0.7998577356338501,0.04130899906158447,0.03665908798575401,0.01389862596988678,0.02490752935409546,9.015893936157227,-0.6016945838928223,-0.02294317901561002,0.06440440272572473,0.4312357749245,0.3543960031205816,1.633442905360335,-1.1255797792688487
179392,179,0.3235747516155243,0.4248133897781372,0.321163535118103,0.4245801866054535,1.8147602081298828,-1.1198333501815796,1.6128571033477783,-1.0930349826812744,0.06605898588895798,0.029432065784931183,0.011298021301627159,0.03451253101229668,0.8762487769126892,0.852199375629425,0.7784097790718079,0.7968376278877258,0.04288965091109276,0.0349598303437233,0.013966038823127747,0.021486250683665276,9.810924530029297,-2.7883076667785645,-0.005645687817681377,0.06657512631011236,0.4463965424843061,0.3429512353187472,1.4628495935163963,-1.1530468299217729
179393,179,0.34192827343940735,0.41245967149734497,0.337487131357193,0.41260233521461487,1.8524491786956787,-1.3210704326629639,1.6747468709945679,-1.2803877592086792,0.06327204406261444,0.026955626904964447,0.011139937676489353,0.03135012090206146,0.869827151298523,0.8574967384338379,0.7834766507148743,0.7933371663093567,0.04135948047041893,0.03336416184902191,0.014017673209309578,0.018467284739017487,9.665077209472656,-2.1191346645355225,0.007118207063875254,0.04607077893437561,0.4610250384194718,0.33142076701952894,1.4628495935163697,-1.1530468299217729
179394,179,0.3606284260749817,0.39844706654548645,0.35501694679260254,0.3988548815250397,1.8830064535140991,-1.4665987491607666,1.8182144165039062,-1.4574964046478271,0.059169523417949677,0.0354963019490242,0.011001050472259521,0.02861417643725872,0.8636252880096436,0.8619617223739624,0.7884904146194458,0.7892968058586121,0.038696277886629105,0.04183536022901535,0.013884936459362507,0.01561436802148819,7.749664783477783,-3.4528887271881104,0.03682576804957094,0.033639498768588405,0.47466225315573274,0.31975509382223183,1.2942609115783388,-1.1760413299527483
179395,179,0.37911880016326904,0.38266292214393616,0.3735233545303345,0.383068323135376,1.8416191339492798,-1.6473252773284912,1.8857762813568115,-1.6602208614349365,0.05381280556321144,0.05762951076030731,0.010879036970436573,0.026242662221193314,0.8575685024261475,0.8650925159454346,0.7935265898704529,0.7848040461540222,0.0345572791993618,0.06344128400087357,0.013973414897918701,0.013399245217442513,9.096195220947266,-3.037424087524414,0.061350351108446166,0.020080349230177597,0.4876048622715178,0.30799468052270357,1.2942609115783388,-1.1760413299527748
179396,179,0.39782845973968506,0.3657586872577667,0.3927569091320038,0.36571404337882996,1.8863461017608643,-1.7233989238739014,1.9404360055923462,-1.8013691902160645,0.048722002655267715,0.08787153661251068,0.010772274807095528,0.024192405864596367,0.8514323234558105,0.867611289024353,0.7985894680023193,0.7800684571266174,0.030521292239427567,0.09288851916790009,0.01393232960253954,0.011740843765437603,7.946140766143799,-1.8383049964904785,0.09459564196495779,0.01604557237082571,0.4997673138261391,0.2961438823349199,1.1343886236603054,-1.1945632793618277
179397,179,0.41667258739471436,0.3484251797199249,0.41221821308135986,0.3470647633075714,1.8807843923568726,-1.7309142351150513,1.9459153413772583,-1.908410906791687,0.043560825288295746,0.10909737646579742,0.01067840214818716,0.02240789495408535,0.8452988862991333,0.8707736730575562,0.8035966157913208,0.7753447890281677,0.026599854230880737,0.11726277321577072,0.013847033493220806,0.010626424103975296,7.933781147003174,-0.9360396862030029,0.11429268437754084,-0.0031293646740733205,0.5111112000627438,0.2841982495413009,1.1343886236603318,-1.1945632793618277
179398,179,0.4354347884654999,0.33140450716018677,0.4316006302833557,0.3279852271080017,1.8674715757369995,-1.6778022050857544,1.9241713285446167,-1.8879910707473755,0.039141084998846054,0.12132314592599869,0.015640001744031906,0.020854802802205086,0.839252233505249,0.8748334050178528,0.8080649971961975,0.7707094550132751,0.023582808673381805,0.13364091515541077,0.017853399738669395,0.009583989158272743,5.802109241485596,-1.7968463897705078,0.12456216913376617,-0.01636460387938249,0.5218686195878874,0.2721981067680047,0.9832327297624018,-1.2086126781489845
179399,179,0.45342713594436646,0.3146042823791504,0.45032575726509094,0.3095414340496063,1.7563145160675049,-1.6614640951156616,1.838952660560608,-1.7795904874801636,0.035350531339645386,0.1242125853896141,0.028192579746246338,0.019503850489854813,0.8334709405899048,0.8798009753227234,0.811740517616272,0.7662544846534729,0.021169351413846016,0.13985751569271088,0.028350120410323143,0.008899728767573833,4.644498825073242,-0.9048521518707275,0.12503860564239358,-0.03030210576432213,0.5317009468855125,0.26011197998651425,0.9832327297624018,-1.2086126781489845
179400,179,0.47027283906936646,0.298403263092041,0.46816426515579224,0.29252177476882935,1.6177327632904053,-1.5786134004592896,1.728772759437561,-1.6281304359436035,0.03207014873623848,0.12928365170955658,0.02890794165432453,0.018320893868803978,0.8282105922698975,0.8846968412399292,0.8156090974807739,0.7620052695274353,0.019847672432661057,0.144646555185318,0.02878088317811489,0.008228931576013565,2.975449562072754,-1.8795788288116455,0.13062880461435764,-0.02901508588420096,0.5411230655333379,0.24799827303268154,0.8407932298844696,-1.2181895263142055
179401,179,0.4852858781814575,0.2828832268714905,0.4845089316368103,0.27686044573783875,1.417561411857605,-1.5153051614761353,1.5608326196670532,-1.5077025890350342,0.0292411670088768,0.12859608232975006,0.0282208863645792,0.017289798706769943,0.8237287998199463,0.8898220658302307,0.8190470337867737,0.7578302621841431,0.01870938017964363,0.1462314873933792,0.027600500732660294,0.0074687195010483265,2.174992561340332,-5.358248710632324,0.12498771075738661,-0.023518201444689357,0.5495309978321831,0.23581637776953956,0.8407932298844696,-1.2181895263142055
179402,179,0.4981972575187683,0.26756560802459717,0.4988779127597809,0.2620718479156494,1.2043293714523315,-1.51761794090271,1.3384153842926025,-1.4413278102874756,0.026789702475070953,0.1273755580186844,0.025905178859829903,0.016388140618801117,0.8199880123138428,0.8951361775398254,0.8220123052597046,0.7536773681640625,0.01794743910431862,0.14571474492549896,0.024906400591135025,0.006821887567639351,0.1521468162536621,-6.254249572753906,0.12096339909559853,-0.005757445737147621,0.557687546754851,0.22362488704014505,0.7070701240266409,-1.2232938238575042
179403,179,0.5089038014411926,0.2523553967475891,0.510709285736084,0.2477797120809555,0.9740192294120789,-1.5091792345046997,1.0553299188613892,-1.411989450454712,0.025407278910279274,0.12721294164657593,0.023896485567092896,0.015600286424160004,0.8169670104980469,0.9003884196281433,0.8243857026100159,0.749525249004364,0.017823146656155586,0.1455887258052826,0.022339485585689545,0.0061881048604846,-0.48694849014282227,-7.579169273376465,0.1263562040417609,0.015877223939081614,0.5647582479951174,0.21139194880157008,0.707070124026588,-1.223293823857491
179404,179,0.517379879951477,0.23717883229255676,0.5195578932762146,0.23364321887493134,0.7479129433631897,-1.5137921571731567,0.7461027503013611,-1.4100263118743896,0.041372235864400864,0.1293623447418213,0.022152559831738472,0.01491189282387495,0.812919557094574,0.9053967595100403,0.8261716365814209,0.7453615069389343,0.029257768765091896,0.14746198058128357,0.020083095878362656,0.00566454790532589,0.05286455154418945,-8.133848190307617,0.12997989359519646,0.04418838123768287,0.5717189583447875,0.19915845470159055,0.5921901535381534,-1.2238743932254816
179405,179,0.523853600025177,0.2220693826675415,0.5255338549613953,0.21951760351657867,0.5644142031669617,-1.500718593597412,0.4722546339035034,-1.4136347770690918,0.06870032846927643,0.13417814671993256,0.020632078871130943,0.014308414421975613,0.8083413243293762,0.9100236296653748,0.8274357318878174,0.7412636876106262,0.04931952431797981,0.15148581564426422,0.01819632016122341,0.005354966502636671,-0.02409815788269043,-7.159911155700684,0.13554125682397714,0.07399662961852742,0.5775395924666755,0.1869191989938018,0.582063412188757,-1.2239255707788805
179406,179,0.5286579132080078,0.20736701786518097,0.5290094614028931,0.20535555481910706,0.4141022861003876,-1.4433338642120361,0.24391713738441467,-1.420031189918518,0.09530465304851532,0.1374245584011078,0.019307639449834824,0.013780195266008377,0.8044074177742004,0.9145528674125671,0.8282413482666016,0.7371771931648254,0.07039474695920944,0.15594787895679474,0.0165170319378376,0.004831716883927584,-0.6025946140289307,-10.162062644958496,0.13837282133443793,0.10140540127560553,0.5833602265885636,0.17467994328601305,0.530570066110839,-1.2221639080016642
179407,179,0.531845211982727,0.19267302751541138,0.5302581787109375,0.19087781012058258,0.2521633803844452,-1.4760632514953613,0.04993567243218422,-1.4568055868148804,0.11886101961135864,0.13684673607349396,0.018151406198740005,0.01331712119281292,0.8013071417808533,0.9193884134292603,0.8287120461463928,0.7330790162086487,0.08991431444883347,0.15710794925689697,0.01514856144785881,0.00450143264606595,-0.3896045684814453,-9.911506652832031,0.13387220309930792,0.12487444223386471,0.5880319263392187,0.16247999430558668,0.46577309437097664,-1.2199471087084592
179408,179,0.5337800979614258,0.1780090481042862,0.5304924249649048,0.17633245885372162,0.14159101247787476,-1.461896300315857,0.006886061280965805,-1.4578145742416382,0.1456737071275711,0.14155098795890808,0.01714158058166504,0.012911192141473293,0.7985063791275024,0.9238404631614685,0.8290389776229858,0.7291699051856995,0.10950592160224915,0.15959107875823975,0.014342634938657284,0.004506356082856655,1.7159557342529297,-7.268688678741455,0.14292279963124005,0.1533230313352412,0.5926896572829286,0.15028052321850285,0.46577309437097664,-1.2199471087084592
179409,179,0.5353137850761414,0.16413606703281403,0.5308983325958252,0.16209667921066284,0.14439061284065247,-1.348645806312561,0.05085693672299385,-1.413722038269043,0.1677497923374176,0.14428505301475525,0.016258999705314636,0.012555264867842197,0.795904278755188,0.927868664264679,0.8295817971229553,0.7256592512130737,0.12495316565036774,0.16079892218112946,0.014168460853397846,0.004718242213129997,6.850574016571045,-4.961886405944824,0.14509214865450054,0.17469633034306054,0.5963921447051074,0.13816220805793425,0.35819917057324685,-1.2108078041667532
179410,179,0.5378493070602417,0.15177258849143982,0.5321531891822815,0.14867059886455536,0.3040688633918762,-1.1837310791015625,0.16194100677967072,-1.3083726167678833,0.17672035098075867,0.14207494258880615,0.015486765652894974,0.012242959812283516,0.7936989068984985,0.9318404197692871,0.8303892016410828,0.7224545478820801,0.13368678092956543,0.15905070304870605,0.013812297955155373,0.0047172559425234795,5.587937831878662,-4.789228439331055,0.13087274187328451,0.17966620649737186,0.59997413641084,0.12605413001626672,0.35819917057324685,-1.2108078041667598
179411,179,0.5412105917930603,0.14038020372390747,0.5343606472015381,0.13613741099834442,0.3711128234863281,-1.1005274057388306,0.27890583872795105,-1.1938062906265259,0.17337444424629211,0.13620668649673462,0.014812059700489044,0.01196941640228033,0.7920369505882263,0.9358552098274231,0.8315945863723755,0.7196126580238342,0.13269761204719543,0.15266059339046478,0.013911264017224312,0.004935410339385271,8.650250434875488,-3.590974807739258,0.10611961476844464,0.15754799415014256,0.6027771426567028,0.11405982014674446,0.25934164079551475,-1.1963699987838214
179412,179,0.5460354685783386,0.13025161623954773,0.5382682085037231,0.12533186376094818,0.5572604537010193,-0.9583330750465393,0.47200655937194824,-1.0001791715621948,0.16884435713291168,0.12903782725334167,0.014221233315765858,0.011729361489415169,0.7902644276618958,0.9396953582763672,0.8333105444908142,0.7172027230262756,0.12661212682724,0.14344529807567596,0.014035590924322605,0.005199456587433815,10.03213882446289,-1.9862258434295654,0.091730751652123,0.14723886283168056,0.6053705590646583,0.10209612015890618,0.25934164079551475,-1.1963699987838148
179413,179,0.5527064800262451,0.12159706652164459,0.5441815853118896,0.1163918524980545,0.7420307993888855,-0.8052873611450195,0.680305540561676,-0.8184984922409058,0.15959960222244263,0.11908064782619476,0.013703734613955021,0.011518696323037148,0.78822922706604,0.9434130787849426,0.8353984951972961,0.7150905728340149,0.11840736865997314,0.1325773298740387,0.014042969793081284,0.005261837039142847,9.751834869384766,-3.308274745941162,0.06620327562046205,0.11483964410649423,0.607343815286365,0.09026820358716166,0.16920050503783327,-1.1766336925598029
179414,179,0.5607515573501587,0.11387057602405548,0.5518317818641663,0.10885296761989594,0.8652441501617432,-0.7356107831001282,0.844156801700592,-0.6934282183647156,0.14594706892967224,0.10621907562017441,0.01324972603470087,0.011333574540913105,0.7860317230224609,0.9471679925918579,0.8378942608833313,0.7132691144943237,0.10686138272285461,0.11862432211637497,0.014141034334897995,0.0053965989500284195,11.036067008972168,-2.6329457759857178,0.036160940122641094,0.07829266626446887,0.6090358203367439,0.07850186666156284,0.16920050503788614,-1.1766336925598029
179415,179,0.5703768730163574,0.10715655237436295,0.5612967014312744,0.1026720330119133,1.026524305343628,-0.6338439583778381,1.016815185546875,-0.5708496570587158,0.12983176112174988,0.0927639752626419,0.01285199448466301,0.011171160265803337,0.7835686802864075,0.9509184956550598,0.8407716751098633,0.7116052508354187,0.09323455393314362,0.1040482372045517,0.014341579750180244,0.005301457829773426,13.017373085021973,-4.945638179779053,0.016984406984010228,0.047136933706862005,0.6102490576864553,0.0668827313943225,0.08777576330025526,-1.1515988854946242
179416,179,0.5815414190292358,0.10086054354906082,0.5723275542259216,0.09732772409915924,1.1847165822982788,-0.6253831386566162,1.1737571954727173,-0.5080621242523193,0.11095348745584488,0.08062665164470673,0.012503290548920631,0.011028583161532879,0.7809378504753113,0.9546999931335449,0.8438185453414917,0.7098402380943298,0.07960411161184311,0.09089098125696182,0.014044024050235748,0.005020401440560818,8.943519592285156,-5.7425737380981445,-0.00892034333154211,0.006264793209249164,0.611126815319458,0.055366742539375416,0.08777576330025526,-1.151598885494631
179417,179,0.593226969242096,0.0941895842552185,0.5843761563301086,0.0920550599694252,1.1823146343231201,-0.6798762679100037,1.243828296661377,-0.5262306928634644,0.09566881507635117,0.07056249678134918,0.03435380756855011,0.020007692277431488,0.778162956237793,0.9583779573440552,0.8454297780990601,0.7076024413108826,0.06743250787258148,0.0793328583240509,0.032601963728666306,0.01002321857959032,6.609137058258057,-4.234715461730957,-0.021470615890441788,-0.03814507418155069,0.6116497649493343,0.04399877658337197,0.015067415582674975,-1.121265577588303
179418,179,0.6047242879867554,0.08732149004936218,0.5968549251556396,0.0866277664899826,1.1159104108810425,-0.69328773021698,1.2414393424987793,-0.5594636797904968,0.0830361619591713,0.06208639591932297,0.056474003940820694,0.023131875321269035,0.7753459811210632,0.9619553089141846,0.8467811346054077,0.7054556012153625,0.05848371610045433,0.07022177428007126,0.05186282470822334,0.011605994775891304,6.502015590667725,-5.896964073181152,-0.023608108735471228,-0.06048306470208219,0.6118004391051611,0.032786120807488175,0.015067415582674975,-1.121265577588303
179419,179,0.6152211427688599,0.07991787046194077,0.6087974905967712,0.08061054348945618,0.994188666343689,-0.7709939479827881,1.1509705781936646,-0.6367607116699219,0.0725381001830101,0.05492820590734482,0.0707356333732605,0.030212918296456337,0.7727792263031006,0.9655678272247314,0.8483143448829651,0.7029759287834167,0.051453277468681335,0.06253854930400848,0.06449998915195465,0.015253721736371517,7.381539344787598,-5.956408977508545,-0.031321213811393286,-0.07357271166707376,0.6117028321673629,0.0217117121694468,-0.048924538114801845,-1.0856337688408215
179420,179,0.6245713233947754,0.07190396636724472,0.6197076439857483,0.07366190105676651,0.8759365677833557,-0.8315454721450806,1.0300425291061401,-0.7550365924835205,0.06375105679035187,0.04885472357273102,0.07620380073785782,0.02992359548807144,0.7707002758979797,0.9693438410758972,0.8498883247375488,0.7004823088645935,0.046541277319192886,0.056616317480802536,0.06855237483978271,0.014606920070946217,4.565224647521973,-7.219928741455078,-0.02795196726811519,-0.07736680143262956,0.6112135867862144,0.010855374481037837,-0.048924538114801845,-1.0856337688408233
179421,179,0.6319410800933838,0.06278352439403534,0.6288644671440125,0.06505455076694489,0.6377006769180298,-0.962245523929596,0.828207790851593,-0.9342495203018188,0.056325092911720276,0.04366366192698479,0.079278863966465,0.029389644041657448,0.7694313526153564,0.9734914302825928,0.8510453701019287,0.6975555419921875,0.04275570809841156,0.052023231983184814,0.06970076262950897,0.013477982953190804,3.5308027267456055,-10.139055252075195,-0.025754098185063704,-0.07990633598627347,0.6105651544329017,0.00011691116769110225,-0.10420009779233382,-1.0447034592521818
179422,179,0.6368581056594849,0.05199653282761574,0.6357970237731934,0.05465977266430855,0.38934558629989624,-1.1532096862792969,0.5930206179618835,-1.109426736831665,0.05003655329346657,0.039224300533533096,0.07671365886926651,0.02695169672369957,0.7689144611358643,0.9780373573303223,0.851957380771637,0.6942761540412903,0.03926583379507065,0.04780976101756096,0.06661711633205414,0.01163399312645197,3.973565101623535,-9.237656593322754,-0.01026454861239004,-0.06144282624230629,0.6095231534549783,-0.010330123424831429,-0.10420009779233382,-1.0447034592521813
179423,179,0.6397517323493958,0.03984782472252846,0.6405119299888611,0.04281505569815636,0.20202109217643738,-1.27232027053833,0.35258105397224426,-1.2554981708526611,0.04468571022152901,0.03642580285668373,0.07104118168354034,0.024806322529911995,0.7690689563751221,0.9828699827194214,0.852542519569397,0.6905420422554016,0.03635622560977936,0.04530157521367073,0.060859840363264084,0.009645338170230389,3.7356209754943848,-10.926871299743652,0.01778006318436723,-0.03685195659154544,0.6083936268383116,-0.020690253406756197,-0.15075926344976232,-0.9984746488223865
179424,179,0.6406404376029968,0.026046328246593475,0.6422185897827148,0.02924405038356781,0.0024876073002815247,-1.4604066610336304,0.01607050746679306,-1.4366031885147095,0.040097180753946304,0.03826836496591568,0.06361851096153259,0.02293875813484192,0.7699830532073975,0.9876474142074585,0.8526580929756165,0.6862143874168396,0.03455965965986252,0.047397512942552567,0.05291399359703064,0.007819529622793198,0.12668609619140625,-11.370047569274902,0.038564117564597544,-0.018213035084755934,0.6068860342038136,-0.030674999894980744,-0.1507592634498152,-0.9984746488223865
179425,179,0.6389706134796143,0.010297548957169056,0.6403989791870117,0.013725892640650272,-0.2801765203475952,-1.6460599899291992,-0.32351529598236084,-1.6273399591445923,0.03616616502404213,0.0674986019730568,0.05623132735490799,0.02131733112037182,0.7717007398605347,0.9894158244132996,0.8522718548774719,0.6815456748008728,0.032425425946712494,0.07374383509159088,0.045791562646627426,0.006642646621912718,1.363222599029541,-8.173694610595703,0.07316803706751093,0.006151891821203462,0.6053451444759531,-0.04061440853875308,-0.1855364080125649,-0.9511215434480482
179426,179,0.6353767514228821,-0.006052322685718536,0.6360087394714355,-0.0029691914096474648,-0.45150381326675415,-1.6434530019760132,-0.5602867007255554,-1.7223315238952637,0.04564753547310829,0.10363893955945969,0.04997430369257927,0.01990651525557041,0.7726372480392456,0.9901898503303528,0.8514679074287415,0.6769583821296692,0.03905266523361206,0.10770159214735031,0.03982234746217728,0.00617813179269433,3.7816500663757324,-4.334754943847656,0.11236701961223644,0.047408888726315816,0.6034591241250813,-0.05008388191426807,-0.1886020350871931,-0.9469473375514361
179427,179,0.6305130124092102,-0.021570716053247452,0.6295297145843506,-0.020160146057605743,-0.5432305932044983,-1.4884296655654907,-0.7432896494865417,-1.7322536706924438,0.07087051123380661,0.12032797932624817,0.0446304976940155,0.018674004822969437,0.7723068594932556,0.9920597672462463,0.8502543568611145,0.6726472973823547,0.058023788034915924,0.13123127818107605,0.034784652292728424,0.005640707910060883,5.976905822753906,-7.720904350280762,0.12466674730192126,0.07584759312293643,0.6015731037742093,-0.059553355289783616,-0.2014991934301282,-0.9217848711986193
179428,179,0.6245532035827637,-0.036306802183389664,0.621317982673645,-0.03761051222681999,-0.6347941756248474,-1.445756435394287,-0.8576899766921997,-1.7282975912094116,0.09007417410612106,0.11928597837686539,0.04005818068981171,0.017598280683159828,0.7726117372512817,0.9957804083824158,0.8486880660057068,0.6684926748275757,0.07596580684185028,0.13766516745090485,0.03040955401957035,0.005083685740828514,3.738725185394287,-8.960556983947754,0.11369613761157436,0.09436424333284553,0.5993993183111418,-0.06846139646755374,-0.2177284127045204,-0.8901215254393259
179429,179,0.6174083352088928,-0.050849709659814835,0.6126043200492859,-0.05421578884124756,-0.7601600289344788,-1.4482864141464233,-0.8612831830978394,-1.5702528953552246,0.11025260388851166,0.11910656094551086,0.03612826019525528,0.016657773405313492,0.773340106010437,1.0001707077026367,0.846916913986206,0.6644449234008789,0.0934084802865982,0.1380033791065216,0.027096040546894073,0.004588113632053137,5.120999813079834,-9.68436050415039,0.11814377864662044,0.11511720670672676,0.5972220341840964,-0.07736261172194707,-0.21772841270457324,-0.8901215254393259
179430,179,0.6097232103347778,-0.06525968760251999,0.60422682762146,-0.06879827380180359,-0.7713119387626648,-1.431702971458435,-0.8215281963348389,-1.3739937543869019,0.13601985573768616,0.12784501910209656,0.03274543583393097,0.015835998579859734,0.7738416194915771,1.0039033889770508,0.8451452255249023,0.6604234576225281,0.11292334645986557,0.1444527804851532,0.02452782355248928,0.0040531884878873825,6.5142035484313965,-11.228718757629395,0.13021272355919608,0.14304388032434223,0.5948635118543563,-0.08571217053969585,-0.23813839630184996,-0.8279972124860627
179431,179,0.6023141741752625,-0.07957413792610168,0.5962575674057007,-0.08186753839254379,-0.7095697522163391,-1.4245285987854004,-0.7717788815498352,-1.2575182914733887,0.15065039694309235,0.13686932623386383,0.02982379123568535,0.015117031522095203,0.774709939956665,1.0072718858718872,0.8434591889381409,0.6563810110092163,0.12785491347312927,0.15377795696258545,0.02232837677001953,0.003628981299698353,4.616148471832275,-11.835783004760742,0.13941056969044402,0.1549793269718937,0.5924821278913375,-0.09399214266455751,-0.23813839630190284,-0.8279972124860561
179432,179,0.5953317284584045,-0.09383198618888855,0.5887806415557861,-0.09420999884605408,-0.6691343188285828,-1.4094840288162231,-0.7125306129455566,-1.208737850189209,0.15422853827476501,0.1477610021829605,0.027297336608171463,0.014488250017166138,0.7762676477432251,1.0103152990341187,0.8419764637947083,0.6525272727012634,0.13400119543075562,0.1636020839214325,0.02062641829252243,0.0035468479618430138,4.546995162963867,-10.186043739318848,0.15102260367086806,0.15534290373390755,0.5900085998470852,-0.10174083111555507,-0.24983198587912894,-0.7605743986916399
179433,179,0.5891382098197937,-0.10727328807115555,0.582201361656189,-0.10608648508787155,-0.580174446105957,-1.2888100147247314,-0.6153746247291565,-1.1901146173477173,0.15717148780822754,0.15845081210136414,0.025105489417910576,0.01393740251660347,0.7779443264007568,1.0130077600479126,0.8407379388809204,0.6490128040313721,0.13608264923095703,0.17318931221961975,0.019301503896713257,0.003618222661316395,5.426702499389648,-10.765167236328125,0.16175983494896148,0.15808941147247546,0.5875102799882941,-0.10934657510247109,-0.24983198587912894,-0.7605743986916399
179434,179,0.5838962197303772,-0.11952801793813705,0.5765808820724487,-0.1181497648358345,-0.47791165113449097,-1.1694434881210327,-0.5151780843734741,-1.21941077709198,0.15630251169204712,0.1580616682767868,0.023205604404211044,0.01345579233020544,0.779584527015686,1.0159533023834229,0.83970707654953,0.6459826827049255,0.13589125871658325,0.17471973598003387,0.017830708995461464,0.0038443400990217924,2.907736301422119,-7.329019546508789,0.15614690210256071,0.15201192797933283,0.5849914773816899,-0.11645200517998827,-0.25280918143635733,-0.6878530840560572
179435,179,0.5793555974960327,-0.13008569180965424,0.5719456672668457,-0.13025882840156555,-0.4312453269958496,-0.9628305435180664,-0.42309820652008057,-1.201714038848877,0.15390631556510925,0.15651577711105347,0.02154901996254921,0.013032779097557068,0.7811553478240967,1.0188007354736328,0.8389279246330261,0.6436101198196411,0.13286881148815155,0.171027272939682,0.016964439302682877,0.004159212112426758,6.180009841918945,-6.509304046630859,0.1489182708031985,0.14207164860045696,0.5824633855673259,-0.12333053602054936,-0.25280918143635733,-0.6878530840560638
179436,179,0.5759626030921936,-0.13851173222064972,0.5684089660644531,-0.14143092930316925,-0.28472185134887695,-0.7687090039253235,-0.30911198258399963,-1.0299257040023804,0.1514407992362976,0.1514301747083664,0.020107662305235863,0.012662304565310478,0.7824224829673767,1.0215238332748413,0.838395893573761,0.6415788531303406,0.1293906420469284,0.1658136546611786,0.016055958345532417,0.004100299905985594,5.808360576629639,-8.140087127685547,0.12620881690300814,0.1391765212558479,0.57996903955053,-0.12975031971785722,-0.24706998297358798,-0.6098332685793347
179437,179,0.5734909772872925,-0.14593465626239777,0.565731406211853,-0.1504153460264206,-0.2058117836713791,-0.7095870971679688,-0.22135885059833527,-0.7690714597702026,0.14606459438800812,0.14320865273475647,0.018851034343242645,0.012337476015090942,0.7835783362388611,1.0243829488754272,0.8379954099655151,0.6396704912185669,0.1252272129058838,0.15808004140853882,0.015111401677131653,0.003994323778897524,3.825688362121582,-9.6278657913208,0.10179926301084022,0.11907330378958063,0.5774983397207942,-0.13584865240365093,-0.24706998297353513,-0.6098332685793215
179438,179,0.5714970231056213,-0.1529642939567566,0.5638157725334167,-0.15706315636634827,-0.17919622361660004,-0.6803794503211975,-0.1558886617422104,-0.571850597858429,0.13969255983829498,0.13555695116519928,0.01775117963552475,0.012051788158714771,0.784731388092041,1.0271987915039062,0.837705671787262,0.6379903554916382,0.11975853145122528,0.14839120209217072,0.014314119704067707,0.004150373861193657,2.9604697227478027,-7.5852131843566895,0.09648121155096495,0.10741187278127863,0.5750981814459677,-0.1415404017140188,-0.2326143904907152,-0.5265149522614327
179439,179,0.5699513554573059,-0.15910889208316803,0.5626556277275085,-0.16186685860157013,-0.14014385640621185,-0.5628908276557922,-0.09292904287576675,-0.41791102290153503,0.1337127536535263,0.12916319072246552,0.016794413328170776,0.01180215273052454,0.7857623100280762,1.029667854309082,0.837536633014679,0.6366094350814819,0.11384136974811554,0.13958841562271118,0.013736538589000702,0.004209308885037899,4.919321537017822,-8.495197296142578,0.09575221572183987,0.10278065961529831,0.5727720375410604,-0.14680555123663355,-0.2326143904907152,-0.5265149522614327
179440,179,0.5689691305160522,-0.16427405178546906,0.5619802474975586,-0.1654752492904663,-0.07072608172893524,-0.47854283452033997,-0.05016128718852997,-0.3183566629886627,0.1275901049375534,0.12147298455238342,0.015956388786435127,0.011582679115235806,0.7866615056991577,1.0319591760635376,0.8373972773551941,0.635374128818512,0.108745276927948,0.13112157583236694,0.012967451475560665,0.004171980079263449,2.5165557861328125,-9.05524730682373,0.08072310502004743,0.09555334992303641,0.5705357981603626,-0.15172687815333416,-0.2094424039877918,-0.43789813510239756
179441,179,0.5680347084999084,-0.16892439126968384,0.561426043510437,-0.16850906610488892,-0.0994844138622284,-0.4406723082065582,-0.05142107978463173,-0.284345418214798,0.120507150888443,0.11339227110147476,0.015222749672830105,0.011389907449483871,0.7876543402671814,1.0341999530792236,0.8372169137001038,0.6342136859893799,0.10346222668886185,0.12258823215961456,0.012331501580774784,0.00407772371545434,2.9558539390563965,-11.244697570800781,0.06980662659790535,0.08290573039628438,0.5684413741204843,-0.1561058595043584,-0.2094424039877918,-0.43789813510238434
179442,179,0.5669804215431213,-0.1733449548482895,0.5608361959457397,-0.17146036028862,-0.10530149936676025,-0.434825599193573,-0.06157838553190231,-0.30927929282188416,0.11495418101549149,0.10599655658006668,0.014580254442989826,0.011220590211451054,0.7886252403259277,1.0363895893096924,0.8370429277420044,0.6330665349960327,0.09831346571445465,0.11457784473896027,0.011809353716671467,0.003953134641051292,3.635993003845215,-12.094226837158203,0.06538389389164283,0.08505122710547286,0.5664387847860761,-0.16021437602066105,-0.17755402346492352,-0.3439828171021762
179443,179,0.5659893155097961,-0.17770682275295258,0.560178816318512,-0.1749221384525299,-0.0948302149772644,-0.43805986642837524,-0.06948120146989822,-0.380988746881485,0.11023524403572083,0.10003514587879181,0.014018653891980648,0.011072208173573017,0.7893932461738586,1.0384435653686523,0.8370195031166077,0.631925642490387,0.09293685853481293,0.1077585220336914,0.011661994270980358,0.0038590366020798683,7.5333333015441895,-12.404632568359375,0.06666217336799463,0.08443493983559522,0.5646632445514272,-0.16365420419168297,-0.17755402346487065,-0.3439828171021894
179444,179,0.5657215714454651,-0.18201425671577454,0.5597454905509949,-0.17896437644958496,0.012693887576460838,-0.4407987892627716,-0.02942677214741707,-0.4383217692375183,0.10581102222204208,0.09546510130167007,0.01352611556649208,0.010941783897578716,0.7897633910179138,1.0403498411178589,0.837267279624939,0.6307540535926819,0.0874612033367157,0.10248319059610367,0.011610141955316067,0.0037395525723695755,9.518442153930664,-11.615720748901367,0.06958039905323028,0.08138753739001751,0.5629640364154687,-0.16690752230085934,-0.13694924892189891,-0.2447689982608348
179445,179,0.566552996635437,-0.18639054894447327,0.5599212646484375,-0.18356777727603912,0.12789314985275269,-0.4488038420677185,0.05529226362705231,-0.4871453046798706,0.09931668639183044,0.09226612746715546,0.013094527646899223,0.010827272199094296,0.7898587584495544,1.0420604944229126,0.8377460241317749,0.6296154856681824,0.08150001615285873,0.0982351079583168,0.011467128060758114,0.003765986068174243,8.721480369567871,-8.637404441833496,0.07396390632746278,0.06297288460679847,0.5615945439262496,-0.16935521228346784,-0.13694924892189891,-0.2447689982608348
179446,179,0.5682519674301147,-0.19053713977336884,0.5610904693603516,-0.18850581347942352,0.196242094039917,-0.4018039107322693,0.16184821724891663,-0.5043104887008667,0.09063529223203659,0.09037332981824875,0.01271553710103035,0.010726544074714184,0.7898015379905701,1.043445348739624,0.8385201096534729,0.6286733150482178,0.07342325150966644,0.09487327933311462,0.011712826788425446,0.0039698053151369095,11.980274200439453,-7.057697772979736,0.07949937741427571,0.04125226234482385,0.5602684481409015,-0.17171094397878797,-0.09162356755906952,-0.14872317780614422
179447,179,0.5712156891822815,-0.19393417239189148,0.563586950302124,-0.19320343434810638,0.35027965903282166,-0.31332120299339294,0.3044535517692566,-0.45612773299217224,0.08113430440425873,0.08859200775623322,0.012383826076984406,0.01063824538141489,0.7895082831382751,1.0446205139160156,0.8394784331321716,0.62782222032547,0.0655399039387703,0.0927782952785492,0.011427772231400013,0.003866875544190407,9.544706344604492,-7.471983432769775,0.07828590838035893,0.02567222151836029,0.5593921673373128,-0.1731135107645712,-0.0876280803588766,-0.1402566785783073
179448,179,0.5747288465499878,-0.19710177183151245,0.5669835209846497,-0.19768737256526947,0.3677806854248047,-0.30889686942100525,0.37923163175582886,-0.41979628801345825,0.0709444209933281,0.08577316254377365,0.01209260430186987,0.010560624301433563,0.7892296314239502,1.0457806587219238,0.8404780626296997,0.6270129084587097,0.057424288243055344,0.0901566818356514,0.011207369156181812,0.0038933351170271635,7.89341926574707,-6.745212078094482,0.06939079578183706,-0.005367414395057474,0.5585158865337241,-0.17451607755035445,0.22139257817852107,-0.09165460465571888
179449,179,0.5783990025520325,-0.20005671679973602,0.5710497498512268,-0.20132149755954742,0.3703099489212036,-0.2804408669471741,0.42622146010398865,-0.3061877191066742,0.062419407069683075,0.08418385684490204,0.011837577447295189,0.010492566972970963,0.7889455556869507,1.046800971031189,0.8413894176483154,0.6263263821601868,0.05059140548110008,0.0876719206571579,0.010786131024360657,0.003992361947894096,5.369024276733398,-5.128530502319336,0.07487140902108813,-0.0031854144498131634,0.5645345636821298,-0.17483422086211478,0.6102506424417637,-0.030495883183302375
179450,179,0.5816914439201355,-0.20253975689411163,0.5752331018447876,-0.20379339158535004,0.3024824559688568,-0.21777115762233734,0.40652766823768616,-0.19131746888160706,0.05521629750728607,0.08305194973945618,0.011613648384809494,0.01043274998664856,0.7886772751808167,1.0475306510925293,0.8422331809997559,0.6258895993232727,0.044508688151836395,0.0853549912571907,0.010617156513035297,0.0042328909039497375,7.5775885581970215,-4.312811851501465,0.07640133166491037,0.0011446582215628442,0.5706370701065473,-0.17513917969394777,0.6102506424417637,-0.030495883183302375
179451,179,0.584837794303894,-0.2040923684835434,0.5792251229286194,-0.2049551010131836,0.3127458989620209,-0.11080814152956009,0.3804599940776825,-0.06289287656545639,0.049715615808963776,0.08173253387212753,0.011417066678404808,0.01038018986582756,0.7882604002952576,1.0479446649551392,0.8430408239364624,0.6257911920547485,0.03980768099427223,0.08272333443164825,0.010359958745539188,0.0045595415867865086,7.218191623687744,-2.245997190475464,0.07395832327946353,0.014582222372452734,0.5756219267503669,-0.1744246468818071,0.4843874781065452,0.08431328740960922
179452,179,0.5878496170043945,-0.2043880969285965,0.5827993154525757,-0.2050333470106125,0.2841126024723053,0.030221249908208847,0.3317161500453949,0.03266061469912529,0.04526716470718384,0.0790804922580719,0.011244968511164188,0.0103341368958354,0.7878018617630005,1.0480899810791016,0.8437772393226624,0.6260523200035095,0.036122195422649384,0.07940930128097534,0.010174036957323551,0.004855411592870951,8.145320892333984,-2.4786579608917236,0.06331557688211951,0.016350314862643725,0.5804658015314329,-0.1735815140077109,0.4843874781065452,0.08431328740960922
179453,179,0.5906286239624023,-0.20344924926757812,0.5858515501022339,-0.20423021912574768,0.2671353816986084,0.15065734088420868,0.2796168625354767,0.12573859095573425,0.04222959652543068,0.07448377460241318,0.011093531735241413,0.010293584316968918,0.787264347076416,1.048067569732666,0.8444579839706421,0.6266870498657227,0.033490706235170364,0.07434647530317307,0.009981180541217327,0.0052450005896389484,8.078119277954102,-1.2210333347320557,0.04697890424113064,0.02232639690508987,0.5843531328578928,-0.17179431226209083,0.362996864393302,0.20412080807174518
179454,179,0.5932000875473022,-0.20114655792713165,0.5884593725204468,-0.20235763490200043,0.24130624532699585,0.2901726961135864,0.23951250314712524,0.23847255110740662,0.04016222804784775,0.06844144314527512,0.010960521176457405,0.01025795005261898,0.7866595387458801,1.0478260517120361,0.8450961112976074,0.6277474164962769,0.03165063634514809,0.06775276362895966,0.009854122065007687,0.005696340464055538,8.850011825561523,-0.028057098388671875,0.03179213433585268,0.02652199294378202,0.5879831015018252,-0.1697531041813735,0.36299686439324913,0.20412080807174518
179455,179,0.5956565141677856,-0.19733446836471558,0.5907918214797974,-0.1991451531648636,0.23942361772060394,0.4476267099380493,0.2209862470626831,0.38899922370910645,0.03894079104065895,0.06067002937197685,0.010843575932085514,0.010226601734757423,0.7859686613082886,1.047446846961975,0.8457225561141968,0.6291359663009644,0.030430499464273453,0.06022105738520622,0.009757880121469498,0.005802702624350786,10.602294921875,-1.7420470714569092,0.012745029554367591,0.03085678106524794,0.5908086879159011,-0.16685324670172033,0.24607880130187548,0.32892667880310555
179456,179,0.598118245601654,-0.19250816106796265,0.5928874015808105,-0.19448278844356537,0.24860738217830658,0.5131461024284363,0.20356594026088715,0.5328629016876221,0.037916652858257294,0.05373850837349892,0.010741089470684528,0.011113324202597141,0.7852057814598083,1.0468329191207886,0.8463546633720398,0.6307114958763123,0.029534317553043365,0.052738677710294724,0.0096780676394701,0.006566616240888834,9.938976287841797,-0.5237972736358643,-0.011243308299050445,0.031100157226500544,0.5932694759289201,-0.16356397991368885,0.24607880130187548,0.32892667880310555
179457,179,0.6005859971046448,-0.18680566549301147,0.5949978232383728,-0.18841494619846344,0.24293559789657593,0.6135232448577881,0.2165868878364563,0.6665710806846619,0.03666842356324196,0.04784409701824188,0.01065104454755783,0.02054031938314438,0.784396231174469,1.0457589626312256,0.8470545411109924,0.6323530673980713,0.02827535942196846,0.045901019126176834,0.009739456698298454,0.011312872171401978,11.832769393920898,1.035599708557129,-0.021958898114263492,0.028337390548121087,0.5950690978355871,-0.15951147989944855,0.1336332888324243,0.45873089960370345
179458,179,0.6033890247344971,-0.17984208464622498,0.5974512100219727,-0.18097195029258728,0.2931911051273346,0.7472426295280457,0.2567170262336731,0.7926781177520752,0.03539097681641579,0.04280747473239899,0.010571897961199284,0.0361129455268383,0.7834038734436035,1.0441542863845825,0.8478937149047852,0.6341592073440552,0.0268015805631876,0.03990424424409866,0.009886899963021278,0.019276423379778862,13.538930892944336,2.8475332260131836,-0.03860821274470243,0.02684170963343352,0.5964054307239116,-0.15492417090341146,0.1336332888324243,0.45873089960370345
179459,179,0.6067799925804138,-0.17152021825313568,0.6003854274749756,-0.17239446938037872,0.3647930324077606,0.8876045942306519,0.3158210515975952,0.8981843590736389,0.03277967497706413,0.03849472850561142,0.010502426885068417,0.0575278215110302,0.7823445200920105,1.0421687364578247,0.8488297462463379,0.6359838247299194,0.0247665923088789,0.035362038761377335,0.009961706586182117,0.029814768582582474,13.806819915771484,0.36748409271240234,-0.061499762578208605,0.015192720773455501,0.5972148685281453,-0.14967904155403067,0.025660326984948478,0.5935334704735258
179460,179,0.6105417609214783,-0.16267898678779602,0.6037015914916992,-0.1631767898797989,0.3968154788017273,0.8912912607192993,0.35914355516433716,0.9539875984191895,0.02985500358045101,0.034786149859428406,0.010441399179399014,0.08167362213134766,0.7812255620956421,1.040079951286316,0.8498779535293579,0.6376758813858032,0.02224285900592804,0.03182996064424515,0.010030396282672882,0.041646599769592285,14.294178009033203,-1.1763334274291992,-0.08677159043222976,-0.0020024678863918358,0.5974714717979945,-0.14374370684929488,0.025660326984948478,0.5935334704735258
179461,179,0.6147168874740601,-0.15410149097442627,0.6075712442398071,-0.15344469249248505,0.44119417667388916,0.8343080878257751,0.4182991683483124,0.9895986914634705,0.02732441946864128,0.03158937022089958,0.014317666180431843,0.08969961851835251,0.7798855900764465,1.0380349159240723,0.8507904410362244,0.639704704284668,0.01984548382461071,0.028802795335650444,0.01338245254009962,0.04645167663693428,13.774266242980957,0.15970706939697266,-0.09154330185758107,-0.014883608414398793,0.5973265059047701,-0.13726596136421812,-0.07784008424065775,0.7333343914125989
179462,179,0.6193781495094299,-0.14580711722373962,0.6121476888656616,-0.14361119270324707,0.48302391171455383,0.8251418471336365,0.4864181876182556,0.9583505392074585,0.025129392743110657,0.02882549911737442,0.029445568099617958,0.08900735527276993,0.7783752679824829,1.0360989570617676,0.8510178327560425,0.6418904066085815,0.017971228808164597,0.026412013918161392,0.02600628323853016,0.04647817462682724,13.367180824279785,-1.73431396484375,-0.08500075225155233,-0.03181084353343433,0.5965481050623632,-0.12993261745009166,-0.07784008424071062,0.7333343914125989
179463,179,0.6240852475166321,-0.13804276287555695,0.617047905921936,-0.1347663849592209,0.4672365188598633,0.7490218281745911,0.49986714124679565,0.8264321684837341,0.023223256692290306,0.026432165876030922,0.04693477600812912,0.0883064791560173,0.77696293592453,1.0343842506408691,0.8509778380393982,0.6438446044921875,0.016907503828406334,0.024463685229420662,0.040316686034202576,0.04596898704767227,10.22348403930664,-2.6996564865112305,-0.08424136984255806,-0.05001287890434308,0.5954845158766563,-0.12218226902876798,-0.1768679448443415,0.8781336624208899
179464,179,0.6280006766319275,-0.13123133778572083,0.621698260307312,-0.12747257947921753,0.3436562120914459,0.6386250257492065,0.44194790720939636,0.662002682685852,0.021565210074186325,0.024355417117476463,0.05889987200498581,0.08566773682832718,0.7759544253349304,1.032859206199646,0.8509965538978577,0.6456233263015747,0.01623016968369484,0.022683123126626015,0.05004303902387619,0.04476388916373253,8.770305633544922,-1.9030284881591797,-0.0702965658372277,-0.06120371310919963,0.5937158364282126,-0.11340093240455851,-0.1768679448443415,0.8781336624208832
179465,179,0.6307573914527893,-0.12515607476234436,0.6256824731826782,-0.12148846685886383,0.21593433618545532,0.5773962140083313,0.3514363169670105,0.5460461974143982,0.020120123401284218,0.022549238055944443,0.0583798922598362,0.08029410243034363,0.7756614089012146,1.0315650701522827,0.8511677980422974,0.647242546081543,0.016505246981978416,0.021271973848342896,0.04883042350411415,0.041966233402490616,3.498961925506592,-1.6782712936401367,-0.048696152466052404,-0.05511501491649489,0.5917694043549984,-0.10433799424643149,-0.27142325482615565,1.0279312834984118
179466,179,0.6312419772148132,-0.12000047415494919,0.6280838251113892,-0.11681269109249115,-0.0623917430639267,0.4828037619590759,0.15843737125396729,0.42563340067863464,0.018860384821891785,0.020977642387151718,0.05692078173160553,0.07315630465745926,0.7762460112571716,1.030420184135437,0.8509541153907776,0.64876389503479,0.01638851873576641,0.019915524870157242,0.046739544719457626,0.038474008440971375,5.172412395477295,-1.525486707687378,-0.030481783214686413,-0.04773267266176335,0.5890551718067372,-0.09405868141144665,-0.2714232548261028,1.0279312834984118
179467,179,0.6298077702522278,-0.1153639405965805,0.62871253490448,-0.11278317868709564,-0.22221803665161133,0.4386328160762787,-0.03424855321645737,0.37773188948631287,0.01776086539030075,0.01960815116763115,0.051012683659791946,0.06426946073770523,0.7773682475090027,1.029350757598877,0.8505933880805969,0.6502785086631775,0.0161018967628479,0.018553007394075394,0.04174157232046127,0.03426245599985123,6.145386695861816,0.12347936630249023,-0.005045941082341965,-0.013439527409172461,0.5862616772509911,-0.08364316671596325,-0.3542084475940293,1.1701872978806314
179468,179,0.6270061731338501,-0.11091845482587814,0.6272627711296082,-0.10908682644367218,-0.33964142203330994,0.4350045919418335,-0.25973981618881226,0.35299021005630493,0.01680009253323078,0.019262520596385002,0.04551441967487335,0.056775208562612534,0.7789482474327087,1.028267502784729,0.8499377369880676,0.6516659259796143,0.015965189784765244,0.018174661323428154,0.036531638354063034,0.03022114932537079,6.0269927978515625,-1.1769795417785645,0.01683213970478667,0.005229487207569952,0.5826466171091315,-0.07181589416951073,-0.36150601418594164,1.1827272546451713
179469,179,0.6228787302970886,-0.10695383697748184,0.6231250762939453,-0.10578515380620956,-0.4678551256656647,0.3694252669811249,-0.5406051278114319,0.3202025294303894,0.019797347486019135,0.031221622601151466,0.04081779345870018,0.05042901635169983,0.7805357575416565,1.0257686376571655,0.8489097356796265,0.652824878692627,0.01878979615867138,0.027735726907849312,0.03190619498491287,0.026778776198625565,4.534509181976318,-1.1315858364105225,0.03315854354051022,0.020256576644529206,0.5790315569672718,-0.05998862162305822,-0.3994142097182454,1.253484170939404
179470,179,0.6174001693725586,-0.103502556681633,0.6164057850837708,-0.10266429930925369,-0.6122580766677856,0.334163635969162,-0.7696385383605957,0.3130599856376648,0.03511451184749603,0.05777660012245178,0.03679646924138069,0.045035652816295624,0.7811692357063293,1.0216878652572632,0.8474735617637634,0.6538838148117065,0.031131234019994736,0.048472266644239426,0.02792498469352722,0.02413099631667137,4.376640319824219,-0.4434370994567871,0.0630856738109306,0.03785559938053204,0.5745706782465901,-0.046582600377504634,-0.447116222923858,1.3425215758611548
179471,179,0.6106374263763428,-0.0999734103679657,0.6080694198608398,-0.0994025394320488,-0.7342334985733032,0.37658026814460754,-0.8792237043380737,0.3387932777404785,0.056624818593263626,0.0841078981757164,0.03332309424877167,0.040405742824077606,0.7814248204231262,1.0174106359481812,0.845737636089325,0.6551443338394165,0.04889804124832153,0.06974530220031738,0.024788007140159607,0.022441724315285683,6.05928897857666,1.5230393409729004,0.08972969282950384,0.0605848263543296,0.5700995160173519,-0.03315738461889377,-0.44711622292391084,1.3425215758611548
179472,179,0.6031252145767212,-0.09538208693265915,0.5992363691329956,-0.09564600884914398,-0.7730817794799805,0.5233144760131836,-0.889396607875824,0.3983363211154938,0.07691367715597153,0.10317493230104446,0.030324727296829224,0.03643057867884636,0.7820485830307007,1.0135724544525146,0.8437450528144836,0.6567212343215942,0.06708785146474838,0.08638478070497513,0.021967731416225433,0.02080022357404232,4.419417381286621,0.6714010238647461,0.10772010675794758,0.08110872455358135,0.5649078611303084,-0.018268829734183978,-0.5282538810399047,1.5073142471463747
179473,179,0.5947757959365845,-0.08977141231298447,0.5901139378547668,-0.09145841002464294,-0.8639511466026306,0.6101025938987732,-0.9153301119804382,0.46443304419517517,0.0879879966378212,0.10742900520563126,0.02773243375122547,0.033009856939315796,0.7836804389953613,1.010721206665039,0.8416591882705688,0.6585614681243896,0.0789293646812439,0.09333586692810059,0.019957128912210464,0.019430233165621758,6.401219367980957,-1.517484188079834,0.10851734164338017,0.09052531482289097,0.559625322319909,-0.0031956872627174025,-0.5282538810399047,1.5073142471463747
179474,179,0.5862022042274475,-0.08336865156888962,0.5809999108314514,-0.08604397624731064,-0.8447633981704712,0.6675339341163635,-0.9035792946815491,0.6170992851257324,0.10408894717693329,0.11653412133455276,0.025489406660199165,0.030062031000852585,0.7851492762565613,1.0078574419021606,0.8396353125572205,0.6605812907218933,0.09183467924594879,0.09953897446393967,0.01822664402425289,0.01818116009235382,6.183736324310303,-1.5674054622650146,0.11906269140199614,0.1082605133893999,0.553738671671479,0.01316738312332144,-0.6049189885339232,1.671013178378492
179475,179,0.5779175758361816,-0.07639089971780777,0.5721459984779358,-0.07910233736038208,-0.8070315718650818,0.7306183576583862,-0.8628252744674683,0.7629663348197937,0.10848022997379303,0.12954458594322205,0.023540442809462547,0.027509506791830063,0.7871531248092651,1.0044913291931152,0.8377696871757507,0.6628128290176392,0.0979095846414566,0.10787557810544968,0.017008498311042786,0.017247280105948448,7.2419047355651855,-1.4678871631622314,0.13332765577825592,0.10966090032334648,0.5476894817861404,0.029877514907105517,-0.6049189885339232,1.6710131783784947
179476,179,0.570375382900238,-0.06855195015668869,0.5639776587486267,-0.0707646980881691,-0.7116067409515381,0.8305084705352783,-0.7753422856330872,0.8882037401199341,0.10821419209241867,0.14350435137748718,0.021843241527676582,0.02529335580766201,0.7894865274429321,1.000677466392517,0.8361464738845825,0.665364146232605,0.0984979122877121,0.11672350764274597,0.01592462882399559,0.016646722331643105,6.81210994720459,0.04809856414794922,0.14771044967657793,0.10674317194929003,0.5411436157812993,0.047538699481011915,-0.6771115454060722,1.8092500090681671
179477,179,0.5636895895004272,-0.0594489648938179,0.5567759275436401,-0.06133752688765526,-0.6316463947296143,0.980387806892395,-0.6716138124465942,0.9868484735488892,0.10592752695083618,0.15295541286468506,0.02036455273628235,0.023367581889033318,0.7918757796287537,0.9966844916343689,0.8346737623214722,0.6683046221733093,0.09698857367038727,0.12333299219608307,0.014898169785737991,0.016204506158828735,5.84155797958374,-0.21546006202697754,0.15591769679873962,0.09325154462456396,0.5343725003272385,0.06563119957169482,-0.6771115454060722,1.8092500090681671
179478,179,0.5575424432754517,-0.04899337515234947,0.5504459142684937,-0.05107151344418526,-0.5879093408584595,1.1144238710403442,-0.5921976566314697,1.0735313892364502,0.10192045569419861,0.1549265831708908,0.019074205309152603,0.021690910682082176,0.7942602634429932,0.9927170872688293,0.8333775997161865,0.6717568635940552,0.09346294403076172,0.12446867674589157,0.014053510501980782,0.016060231253504753,6.152143478393555,1.7442107200622559,0.1555453871313224,0.0795607497757539,0.5272031993709616,0.08435098077099266,-0.7448315516562987,1.9159326490930595
179479,179,0.5521059036254883,-0.03672832250595093,0.5450447797775269,-0.03957202285528183,-0.5175362229347229,1.3065707683563232,-0.508781909942627,1.2111732959747314,0.09706689417362213,0.15566064417362213,0.01794925145804882,0.020232079550623894,0.7965861558914185,0.9885216951370239,0.8321642875671387,0.6757293343544006,0.08943761140108109,0.1228753998875618,0.013171662576496601,0.015932098031044006,4.3817925453186035,2.561769485473633,0.15589752465634243,0.06964210192348505,0.5197548838543987,0.10351030726192463,-0.7448315516562987,1.9159326490930595
179480,179,0.5469687581062317,-0.022755859419703484,0.5401918292045593,-0.026604561135172844,-0.5102110505104065,1.4716767072677612,-0.4701196849346161,1.380502700805664,0.0905994400382042,0.1538306325674057,0.01696454919874668,0.018957309424877167,0.7990627884864807,0.9840115904808044,0.8309171199798584,0.6801437735557556,0.08472385257482529,0.11958178877830505,0.012278369627892971,0.015826471149921417,2.70937442779541,2.562415599822998,0.14479256484623076,0.05364314302390232,0.5119979283516625,0.12303625156129333,-0.8080790072846027,1.9910610984531982
179481,179,0.5416733622550964,-0.007275263778865337,0.5354940891265869,-0.011774650774896145,-0.5392260551452637,1.6152182817459106,-0.46972429752349854,1.57512629032135,0.08404088765382767,0.15072101354599,0.016106007620692253,0.0178475771099329,0.8017416000366211,0.9791457056999207,0.8295705914497375,0.6849989891052246,0.07964308559894562,0.11485380679368973,0.01139774452894926,0.015873407945036888,1.147923469543457,3.910245895385742,0.13521702424540236,0.04579604565652563,0.5039171382788155,0.14294686254582897,-0.8080790072846027,1.9910610984531851
179482,179,0.5359863638877869,0.009774336591362953,0.5306493639945984,0.0050104535184800625,-0.5935723185539246,1.784391164779663,-0.5027244091033936,1.77129065990448,0.07814820110797882,0.1466698944568634,0.015355311334133148,0.016878532245755196,0.8046978712081909,0.9738237857818604,0.8279293775558472,0.6903486251831055,0.07578207552433014,0.10897694528102875,0.010270562022924423,0.01604420877993107,-3.09367299079895,6.064541339874268,0.1262899805442321,0.0432001276931703,0.49560830863459326,0.16302653641995504,-0.8668539122909842,2.034635357148537
179483,179,0.5290965437889099,0.02857440710067749,0.5250775814056396,0.02359412983059883,-0.7602101564407349,1.9714702367782593,-0.606391191482544,1.9486364126205444,0.0733405277132988,0.1408105194568634,0.014698394574224949,0.016031527891755104,0.8080689907073975,0.9679959416389465,0.8259440660476685,0.6962177753448486,0.07253274321556091,0.102103590965271,0.009398062713444233,0.016232308000326157,-1.7713141441345215,5.332958698272705,0.11097952555968271,0.044408053805749,0.4869397695116845,0.18337288999143933,-0.8668539122909842,2.034635357148537
179484,179,0.5210013389587402,0.04915589094161987,0.5184032917022705,0.044085822999477386,-0.859760046005249,2.1348493099212646,-0.7332814335823059,2.1388180255889893,0.07208704203367233,0.13247883319854736,0.014121276326477528,0.015288146212697029,0.8114289045333862,0.9617095589637756,0.8237841129302979,0.702595055103302,0.07102341949939728,0.09375812113285065,0.008810237981379032,0.016523459926247597,0.639643669128418,6.24279260635376,0.0895830526446762,0.06451388897190202,0.47811484613095284,0.2037538599150021,-0.9211562666754168,2.046655425179096
179485,179,0.512377917766571,0.0715668797492981,0.5104848742485046,0.06657122075557709,-0.8817317485809326,2.3122925758361816,-0.8576027154922485,2.324265480041504,0.07544592767953873,0.12224984914064407,0.01361620519310236,0.014638150110840797,0.8144308924674988,0.9550471901893616,0.8214231133460999,0.7093255519866943,0.07412987947463989,0.08502086251974106,0.00809839740395546,0.016609197482466698,-0.5392217636108398,5.417132377624512,0.06834762295942887,0.07617169562351905,0.4689032834641985,0.22422041416679456,-0.9211562666754433,2.046655425179109
179486,179,0.5030459761619568,0.09515851736068726,0.5010402798652649,0.09042660892009735,-0.9664057493209839,2.4082274436950684,-1.0059800148010254,2.445563554763794,0.07676588743925095,0.10961027443408966,0.013173327781260014,0.014068630523979664,0.8176993727684021,0.9481474757194519,0.818885862827301,0.7163249850273132,0.07660052180290222,0.07522312551736832,0.007589587010443211,0.016699273139238358,0.22417068481445312,5.156154632568359,0.04123048768950133,0.07704822254938543,0.45959804675193267,0.24465024661447587,-0.9709860704379535,2.0271213025449013
179487,179,0.49316611886024475,0.11973601579666138,0.4904666543006897,0.11549221724271774,-1.0086749792099,2.4970171451568604,-1.0947643518447876,2.553013563156128,0.0858883187174797,0.09655364602804184,0.012785281985998154,0.013569967821240425,0.8204056620597839,0.9409348368644714,0.816318929195404,0.7236625552177429,0.0837775245308876,0.06431867927312851,0.0072725373320281506,0.016985930502414703,2.051262855529785,7.369203567504883,0.023594667184375473,0.08793032865857442,0.4498881860475531,0.26492145963992625,-0.9709860704379535,2.0271213025449146
179488,179,0.4833323657512665,0.1456214189529419,0.47956764698028564,0.1417330950498581,-0.9823178052902222,2.641286849975586,-1.0949326753616333,2.66426682472229,0.09204525500535965,0.08377194404602051,0.012444956228137016,0.013132890686392784,0.8231301307678223,0.933265209197998,0.8137131929397583,0.731318473815918,0.09066600352525711,0.05375218391418457,0.006936164572834969,0.017205307260155678,1.3814640045166016,8.86861801147461,0.004881972091916598,0.09347033441865635,0.4401384164087285,0.2851477210864079,-1.0126689515059053,1.9801716321007252
179489,179,0.4734366238117218,0.172681987285614,0.46874427795410156,0.1688111275434494,-0.9957304000854492,2.754878044128418,-1.067360281944275,2.74361252784729,0.0914146900177002,0.07315149158239365,0.012146329507231712,0.02418508753180504,0.8264690041542053,0.9250349998474121,0.8111355304718018,0.7385338544845581,0.09210571646690369,0.04456745833158493,0.006802850868552923,0.026356268674135208,2.983980178833008,8.165345191955566,-0.02582289751801381,0.08779025042552344,0.4299749831729428,0.3049080509788684,-1.0163433235785675,1.9760329892459265
179490,179,0.46365514397621155,0.20051608979701996,0.45833083987236023,0.19664643704891205,-0.9669599533081055,2.799227237701416,-1.0192221403121948,2.815046548843384,0.09093832224607468,0.06426652520895004,0.011884510517120361,0.04997090995311737,0.8299779891967773,0.9163439869880676,0.808573842048645,0.7449539303779602,0.09225789457559586,0.037571705877780914,0.006509621627628803,0.04764477163553238,1.6367268562316895,8.381199836730957,-0.05442232564964716,0.08819425557483429,0.4198115499371572,0.324668380871329,-1.0344470675152517,1.9394388932178879
179491,179,0.4538189470767975,0.22838866710662842,0.4482705295085907,0.2248811572790146,-0.9869369268417358,2.771530866622925,-0.9888300895690918,2.832890748977661,0.08950531482696533,0.05678672716021538,0.011655017733573914,0.07152289897203445,0.8335888385772705,0.9075120687484741,0.8060082793235779,0.7513999342918396,0.09149323403835297,0.03232546150684357,0.006338782142847776,0.06637795269489288,2.1069860458374023,7.791495323181152,-0.07599332348866406,0.0812186905935703,0.4092441807515622,0.34361221275165504,-1.0572280260972593,1.8933904852821848
179492,179,0.4440230429172516,0.2556874454021454,0.4385404884815216,0.2531414330005646,-0.9712908267974854,2.6853394508361816,-0.9593321681022644,2.8116912841796875,0.0883481353521347,0.05043865740299225,0.011453469283878803,0.08422102779150009,0.8371660113334656,0.898846447467804,0.8034833073616028,0.757955014705658,0.09044569730758667,0.028357023373246193,0.0061920941807329655,0.07816717773675919,1.835160255432129,7.944760322570801,-0.08703306373050884,0.08164012896877643,0.398671900490591,0.3625461176044758,-1.0572280260972593,1.8933904852821584
179493,179,0.43440115451812744,0.28194934129714966,0.42908403277397156,0.2808975279331207,-0.9531540870666504,2.5695176124572754,-0.9339510202407837,2.735048294067383,0.08652917295694351,0.04501979425549507,0.011276274919509888,0.08925873786211014,0.8406805396080017,0.8904856443405151,0.8010544180870056,0.7645424008369446,0.08865322172641754,0.02504858374595642,0.00617813179269433,0.08342470973730087,2.817056179046631,8.468151092529297,-0.09036663362736341,0.0759688555248105,0.38777628469460734,0.38046596952631806,-1.093640177994002,1.7791937906536368
179494,179,0.42520660161972046,0.3070923089981079,0.41998112201690674,0.3076949417591095,-0.8991570472717285,2.4600775241851807,-0.8963791131973267,2.616854667663574,0.08403371274471283,0.04038458317518234,0.011120733805000782,0.08901513367891312,0.8440993428230286,0.8824892044067383,0.7987514138221741,0.7710421085357666,0.08615578711032867,0.02228616736829281,0.006184115540236235,0.08372918516397476,3.4157896041870117,7.9950666427612305,-0.0876071025247423,0.06946809237148148,0.37683988291466597,0.39825790743285777,-1.093640177994002,1.7791937906536368
179495,179,0.4164982736110687,0.33099672198295593,0.4112129509449005,0.33276838064193726,-0.8475143313407898,2.333690881729126,-0.8600780963897705,2.404496669769287,0.07999827712774277,0.03641341254115105,0.010984414257109165,0.08857659250497818,0.8475663065910339,0.8748550415039062,0.7964730262756348,0.7772195935249329,0.083051897585392,0.019811566919088364,0.005972859915345907,0.08354324847459793,0.7030010223388672,9.282441139221191,-0.08603396707230915,0.05619038218213386,0.3656518009132688,0.4149013458708976,-1.1255797792688487,1.6334429053603086
179496,179,0.40779930353164673,0.3537256717681885,0.40270674228668213,0.355479896068573,-0.8768242001533508,2.2229392528533936,-0.8392725586891174,2.1624693870544434,0.07456007599830627,0.03299105539917946,0.010864644311368465,0.08734725415706635,0.851335883140564,0.8676312565803528,0.7940772771835327,0.7829957604408264,0.07891927659511566,0.01818765699863434,0.005680442787706852,0.08182863146066666,-0.20004510879516602,6.742992401123047,-0.08021115750756136,0.04210698981461239,0.3543960031205816,0.4312357749245,-1.1255797792688487,1.633442905360335
179497,179,0.3986489772796631,0.3747722804546356,0.3941165804862976,0.37577322125434875,-0.9302441477775574,2.020678997039795,-0.8639935851097107,1.9362142086029053,0.06961730122566223,0.030036048963665962,0.01075946819037199,0.08581369370222092,0.8552589416503906,0.8610018491744995,0.791626513004303,0.788271427154541,0.07417799532413483,0.016769010573625565,0.005566237028688192,0.08017197996377945,0.3339529037475586,6.823225021362305,-0.07688136021273029,0.03971491332741234,0.3429512353187465,0.446396542484307,-1.1530468299217465,1.4628495935163963
179498,179,0.3893436789512634,0.39406901597976685,0.38543596863746643,0.3942272365093231,-0.9353744387626648,1.846124291419983,-0.8784773945808411,1.7651911973953247,0.06569623202085495,0.027484536170959473,0.01066728588193655,0.08172248303890228,0.8591254353523254,0.8549150824546814,0.7891358733177185,0.7932153344154358,0.07025664299726486,0.015474902465939522,0.005391641985625029,0.07647060602903366,-0.23196935653686523,8.596329689025879,-0.05765349218395835,0.04162305717137271,0.33142076701952894,0.4610250384194718,-1.1530468299217729,1.4628495935163697
179499,179,0.37990739941596985,0.4118136763572693,0.3765347898006439,0.4111189544200897,-0.9575535655021667,1.7027877569198608,-0.908329427242279,1.617533564567566,0.061607662588357925,0.025268515571951866,0.01058620773255825,0.07588689029216766,0.8630750179290771,0.8494104743003845,0.7865405678749084,0.7977473735809326,0.06665012240409851,0.01484835334122181,0.0051974765956401825,0.07039614021778107,0.5243539810180664,5.865874290466309,-0.04117746317520621,0.03628007937876199,0.31975509382223116,0.4746622531557335,-1.1760413299527748,1.2942609115783388
179500,179,0.37013500928878784,0.4275449812412262,0.36709073185920715,0.42646101117134094,-0.9863185882568359,1.4712245464324951,-0.9671079516410828,1.472926139831543,0.0577448308467865,0.02334585227072239,0.0105150630697608,0.06906797736883163,0.8671185374259949,0.8446358442306519,0.7838571071624756,0.8018031716346741,0.06315085291862488,0.014137869700789452,0.004983828868716955,0.06378915160894394,-0.7799422740936279,7.136926651000977,-0.027765261805339364,0.03352042648335393,0.30799468052270357,0.4876048622715178,-1.1760413299527748,1.2942609115783388
179501,179,0.3600269556045532,0.44138023257255554,0.35721030831336975,0.44049492478370667,-1.0304834842681885,1.3065407276153564,-1.0062121152877808,1.3373277187347412,0.05425962805747986,0.02167217805981636,0.010452527552843094,0.0608355775475502,0.8712720274925232,0.840353786945343,0.7810453176498413,0.8055679798126221,0.060030825436115265,0.013250280171632767,0.004744875244796276,0.05641178786754608,-1.5220117568969727,9.059982299804688,0.0012759597607925333,0.032198541236273664,0.2961438823349199,0.4997673138261391,-1.1945632793618277,1.1343886236603054
179502,179,0.3494783639907837,0.4539438784122467,0.34697771072387695,0.4531516432762146,-1.0826177597045898,1.2112993001937866,-1.0457303524017334,1.1939822435379028,0.05146384239196777,0.022295687347650528,0.010397547855973244,0.05386931821703911,0.8756096959114075,0.8361743092536926,0.7779805660247803,0.8090267777442932,0.05797465890645981,0.013770204037427902,0.004291863646358252,0.04981740564107895,-3.422137498855591,9.47134780883789,0.022390421743719496,0.0336315432979412,0.2841982495413002,0.5111112000627446,-1.1945632793618277,1.1343886236603318
179503,179,0.33798491954803467,0.4655286371707916,0.33607542514801025,0.46420058608055115,-1.197479009628296,1.1206133365631104,-1.1242585182189941,1.0394548177719116,0.04951663315296173,0.032721687108278275,0.010349281132221222,0.04795503243803978,0.880262017250061,0.83125901222229,0.7745630145072937,0.8121037483215332,0.05683555826544762,0.021393436938524246,0.0038698152638971806,0.04399546980857849,-4.264787673950195,7.562081813812256,0.03442267805137339,0.037002977149891036,0.27219810676800327,0.5218686195878885,-1.2086126781489581,0.983232729762349
179504,179,0.3252560496330261,0.4759385287761688,0.3242145776748657,0.4738513231277466,-1.323423981666565,0.9894156455993652,-1.2310163974761963,0.9194430112838745,0.05118919536471367,0.04396583512425423,0.010306840762495995,0.04290086030960083,0.8849135041236877,0.8266158103942871,0.7707892656326294,0.8147442936897278,0.05885390192270279,0.03060048259794712,0.0034178870264440775,0.038933392614126205,-4.975249767303467,5.687203407287598,0.04584415586842616,0.05148934116973805,0.260111979986515,0.531700946885512,-1.2086126781489845,0.983232729762349
179505,179,0.3113177716732025,0.48497387766838074,0.3112064599990845,0.48249557614326477,-1.4391173124313354,0.8477346301078796,-1.3529666662216187,0.8298652768135071,0.06744237244129181,0.0620550811290741,0.010269424878060818,0.03855213522911072,0.8881031274795532,0.8217569589614868,0.766806960105896,0.817135214805603,0.0734768956899643,0.04357932135462761,0.003111636033281684,0.03496698662638664,-3.5931098461151123,7.496283054351807,0.06485195433302876,0.07006625736582178,0.24799827303268154,0.5411230655333379,-1.2181895263142055,0.8407932298844696
179506,179,0.29695528745651245,0.4933992326259613,0.29720550775527954,0.4906340539455414,-1.4412555694580078,0.8293132781982422,-1.4503028392791748,0.7907945513725281,0.08530767261981964,0.08171206712722778,0.01023677084594965,0.03484274446964264,0.8909594416618347,0.8169435262680054,0.7626644372940063,0.8193963170051575,0.09198823571205139,0.057180680334568024,0.002973380731418729,0.031883906573057175,-5.317583084106445,8.586664199829102,0.0861404158732943,0.08942299449582725,0.23581637776953956,0.5495309978321831,-1.2181895263142055,0.8407932298844696
179507,179,0.2822490334510803,0.5016536116600037,0.2819940447807312,0.49821585416793823,-1.4835275411605835,0.8284301161766052,-1.577146291732788,0.7407096028327942,0.09123307466506958,0.08816710859537125,0.010208042338490486,0.031638823449611664,0.8948903679847717,0.8130081295967102,0.7584779262542725,0.8217129707336426,0.10199011117219925,0.06360021233558655,0.002919871127232909,0.029413927346467972,-5.2951836585998535,9.492242813110352,0.08965177287249239,0.09261911201609188,0.22362488704014505,0.557687546754851,-1.2232938238575042,0.7070701240266409
179508,179,0.2673921287059784,0.5101785063743591,0.26585373282432556,0.5056962370872498,-1.4919273853302002,0.868581235408783,-1.6382746696472168,0.7593876123428345,0.10020770132541656,0.08857853710651398,0.010182841680943966,0.028874212875962257,0.8989251852035522,0.8096847534179688,0.7543457746505737,0.8241089582443237,0.11121758073568344,0.06475239992141724,0.0029305710922926664,0.027150876820087433,-3.2629430294036865,8.412318229675293,0.08867898431488833,0.10248939761220238,0.21139194880157008,0.5647582479951174,-1.223293823857491,0.707070124026588
179509,179,0.2526954412460327,0.5189171433448792,0.24959348142147064,0.5135992169380188,-1.457005262374878,0.8755587339401245,-1.6046628952026367,0.8170565366744995,0.10617563128471375,0.0874289870262146,0.010160637088119984,0.026472123339772224,0.9031043648719788,0.8066995739936829,0.750216007232666,0.8263835310935974,0.11892468482255936,0.06485206633806229,0.002832358703017235,0.024744050577282906,-3.7924325466156006,5.567536354064941,0.08075875674010002,0.10763152204780044,0.1991584547015898,0.5717189583447878,-1.2238743932254685,0.5921901535381006
179510,179,0.2379973828792572,0.5271024107933044,0.23383159935474396,0.5217375159263611,-1.463132619857788,0.7910012602806091,-1.53188157081604,0.8203445672988892,0.10614776611328125,0.08562104403972626,0.01014118455350399,0.02439422719180584,0.9078746438026428,0.8040189146995544,0.7460901737213135,0.8285478353500366,0.12136294692754745,0.06362602859735489,0.002743934514001012,0.023043090477585793,-6.246933937072754,7.4700093269348145,0.07504857524557088,0.10599254226377124,0.18691919899380105,0.5775395924666759,-1.2239255707788805,0.582063412188757
179511,179,0.22321443259716034,0.5350384712219238,0.21899066865444183,0.5299192070960999,-1.4852468967437744,0.7924652099609375,-1.445641040802002,0.8128628134727478,0.10968533903360367,0.08540273457765579,0.010124036110937595,0.022581808269023895,0.9126436114311218,0.8013073205947876,0.7418455481529236,0.8306597471237183,0.1254100203514099,0.06295697391033173,0.002488725120201707,0.02143762819468975,-8.247771263122559,7.19907283782959,0.08412808595732883,0.11056290241231642,0.1746799432860123,0.5833602265885639,-1.2221639080016642,0.530570066110839
179512,179,0.20797613263130188,0.542816162109375,0.20462961494922638,0.5378615260124207,-1.5428727865219116,0.7723655700683594,-1.4279382228851318,0.783961296081543,0.1161731481552124,0.08438602834939957,0.010108976624906063,0.021004976704716682,0.9171669483184814,0.7986331582069397,0.737530529499054,0.8327295780181885,0.13190878927707672,0.062201887369155884,0.0024189474061131477,0.020017359405755997,-7.327826023101807,6.642978191375732,0.07843964125169706,0.11783135778272394,0.16247999430558596,0.5880319263392191,-1.2199471087084592,0.46577309437097664
179513,179,0.19265903532505035,0.5504978895187378,0.19039280712604523,0.545672595500946,-1.5233169794082642,0.7615903615951538,-1.4277507066726685,0.7732479572296143,0.12796661257743835,0.08320010453462601,0.010095787234604359,0.01963580958545208,0.9211693406105042,0.7960156202316284,0.7331689596176147,0.8347769975662231,0.1435427963733673,0.06101441755890846,0.002243703929707408,0.018948577344417572,-9.881857872009277,8.531455993652344,0.07621213725157143,0.1313989868187393,0.15028052321850285,0.5926896572829286,-1.2199471087084592,0.46577309437097664
179514,179,0.17722710967063904,0.5582250356674194,0.17594198882579803,0.5533017516136169,-1.5500482320785522,0.78144770860672,-1.4609462022781372,0.757104754447937,0.13247570395469666,0.08140140026807785,0.010084171779453754,0.01843889243900776,0.9254816770553589,0.7933458685874939,0.7288587689399719,0.8368999361991882,0.15060818195343018,0.0591726154088974,0.0023889162112027407,0.018033964559435844,-7.956879138946533,8.778271675109863,0.07078782365191169,0.1337732434977157,0.13816220805793425,0.5963921447051074,-1.2108078041667532,0.35819917057324685
179515,179,0.16216415166854858,0.5662873387336731,0.16126324236392975,0.561042308807373,-1.4770578145980835,0.8153829574584961,-1.4865937232971191,0.7808547019958496,0.14084313809871674,0.07837288081645966,0.010073980316519737,0.01739528961479664,0.9295784831047058,0.7907037734985352,0.724697470664978,0.8390207290649414,0.15850917994976044,0.05697301775217056,0.0024024778977036476,0.017137525603175163,-8.823136329650879,8.60830307006836,0.06035389472914715,0.14340716703065898,0.12605413001626672,0.59997413641084,-1.2108078041667598,0.35819917057324685
179516,179,0.14753001928329468,0.5743827223777771,0.1461557298898697,0.5688564777374268,-1.4416295289993286,0.809226393699646,-1.520404577255249,0.788356602191925,0.14031779766082764,0.07366854697465897,0.010065006092190742,0.016481278464198112,0.9340893626213074,0.7883164286613464,0.7205923795700073,0.8410049080848694,0.16121074557304382,0.05434754118323326,0.0023956967052072287,0.016067707911133766,-9.414630889892578,5.714073181152344,0.04547480983905941,0.13763381404329045,0.11405982014674518,0.6027771426567027,-1.1963699987838148,0.25934164079556765
179517,179,0.13307245075702667,0.5818760991096497,0.13082417845726013,0.5765172839164734,-1.4344172477722168,0.7165350914001465,-1.5196681022644043,0.7569303512573242,0.1397349238395691,0.06834708154201508,0.010057120583951473,0.01568230614066124,0.9387919306755066,0.786305844783783,0.7166369557380676,0.8428017497062683,0.1605052649974823,0.05104318633675575,0.0025372046511620283,0.015113524161279202,-8.108176231384277,4.838895797729492,0.03601411666432777,0.1367517580158193,0.10209612015890618,0.6053705590646583,-1.1963699987838148,0.25934164079551475
179518,179,0.1191050335764885,0.5886564254760742,0.11605989933013916,0.5838947892189026,-1.3705400228500366,0.6421841979026794,-1.4365097284317017,0.712014377117157,0.13999705016613007,0.06429411470890045,0.01005018875002861,0.014982589520514011,0.9432318210601807,0.7844578623771667,0.7129561305046082,0.8444715738296509,0.1591283679008484,0.04780595377087593,0.0027847380843013525,0.01447789091616869,-6.193540096282959,6.348841190338135,0.03938692531245537,0.14007313479740077,0.09026820358716096,0.607343815286365,-1.1766336925598029,0.16920050503783327
179519,179,0.10612603276968002,0.5950527787208557,0.10246028751134872,0.5908139944076538,-1.2560800313949585,0.6182938814163208,-1.3072370290756226,0.6563103795051575,0.13902990520000458,0.06103024631738663,0.010044097900390625,0.014370131306350231,0.947435200214386,0.7826721668243408,0.7094845175743103,0.8460025191307068,0.15763333439826965,0.04543840512633324,0.0028576336335390806,0.013803877867758274,-7.3009562492370605,6.784207820892334,0.04077050460219779,0.13408164823065102,0.07850186666156073,0.6090358203367441,-1.1766336925598029,0.16920050503783327
179520,179,0.09381640702486038,0.6009253263473511,0.08993174135684967,0.5968728065490723,-1.2054393291473389,0.564385712146759,-1.2021538019180298,0.568061888217926,0.13574619591236115,0.05735325813293457,0.010038747452199459,0.013834121637046337,0.9515368342399597,0.7809992432594299,0.7063093185424805,0.8474965691566467,0.1533142626285553,0.04258592799305916,0.003215913427993655,0.01336041558533907,-4.813371658325195,8.195764541625977,0.03429174586432304,0.11884751456402268,0.0668827313943225,0.6102490576864553,-1.1515988854946242,0.08777576330025526
179521,179,0.08264134079217911,0.606702983379364,0.07873514294624329,0.6024305820465088,-1.0606526136398315,0.5697890520095825,-1.0644841194152832,0.5323861837387085,0.131913959980011,0.05397169291973114,0.010034040547907352,0.013363886624574661,0.9553725719451904,0.7793059349060059,0.7035171985626221,0.8489876985549927,0.1475340574979782,0.039760030806064606,0.00351850432343781,0.01299989689141512,-4.6268486976623535,9.874100685119629,0.032592421047214104,0.11206968971691515,0.055366742539375416,0.611126815319458,-1.151598885494631,0.08777576330025526
179522,179,0.07273393869400024,0.6125355958938599,0.06880608946084976,0.607671856880188,-0.9416311979293823,0.581733226776123,-0.9404319524765015,0.5151181817054749,0.12508921325206757,0.04957076534628868,0.010029912926256657,0.01295260526239872,0.9591497182846069,0.7777228951454163,0.7008934617042542,0.8504137992858887,0.14085957407951355,0.036762554198503494,0.0034823513124138117,0.012555701658129692,-7.725839614868164,9.91473388671875,0.02137144089491673,0.08919303165996857,0.04399877658337197,0.6116497649493343,-1.121265577588303,0.015067415582674975
179523,179,0.06326758116483688,0.6180911660194397,0.059735000133514404,0.6126350164413452,-0.9382004141807556,0.5432592034339905,-0.8681161403656006,0.4952984154224396,0.11608600616455078,0.04428378492593765,0.010026282630860806,0.012591552920639515,0.9630879759788513,0.7763532400131226,0.698383092880249,0.8517795205116272,0.1313849240541458,0.03301571309566498,0.003627025056630373,0.01215134747326374,-6.3411688804626465,9.034564971923828,0.00820123482682382,0.06793035559025834,0.032786120807486836,0.6118004391051612,-1.121265577588303,0.015067415582674975
179524,179,0.05425787717103958,0.623372495174408,0.05149044841527939,0.6176866292953491,-0.8725950121879578,0.5112713575363159,-0.7948246598243713,0.507910430431366,0.10793520510196686,0.039762187749147415,0.010023094713687897,0.012275153771042824,0.9668814539909363,0.775024950504303,0.6961175799369812,0.8531132936477661,0.12103263288736343,0.029325999319553375,0.003841400844976306,0.011905945837497711,-5.251288414001465,10.62771987915039,0.0025382175243457566,0.06336851843030451,0.02171171216944745,0.6117028321673629,-1.0856337688408215,-0.04892453811485471
179525,179,0.04609037563204765,0.6286116242408752,0.04395656660199165,0.6228839755058289,-0.7825232148170471,0.5209977030754089,-0.7312695384025574,0.5171523690223694,0.098971426486969,0.03587527945637703,0.010020291432738304,0.011997425928711891,0.9704495072364807,0.7735927104949951,0.694102942943573,0.8544660210609436,0.11037661135196686,0.026069864630699158,0.00403454527258873,0.01170556340366602,-4.283561706542969,11.716141700744629,-0.004447932831000173,0.04896639068836152,0.010855374481038486,0.6112135867862145,-1.0856337688408224,-0.048924538114801845
179526,179,0.03879789263010025,0.6339709758758545,0.03694697469472885,0.6281157732009888,-0.6999819874763489,0.5334390997886658,-0.6869423985481262,0.5180563926696777,0.08860467374324799,0.03252526372671127,0.010017829947173595,0.017293212935328484,0.9739079475402832,0.772060751914978,0.6923138499259949,0.85544353723526,0.09876247495412827,0.023359112441539764,0.00422306451946497,0.016126472502946854,-3.319270610809326,11.45528793334961,-0.018042936897583753,0.029394228244726886,0.00011691116769110225,0.6105651544329017,-1.0447034592521818,-0.10420009779233382
179527,179,0.03227845951914787,0.6392648220062256,0.030335038900375366,0.6333155632019043,-0.6210408210754395,0.5186476707458496,-0.6433640122413635,0.5181453824043274,0.07716426253318787,0.029631108045578003,0.010015664622187614,0.031136207282543182,0.9773404598236084,0.770530104637146,0.6906960010528564,0.855801522731781,0.08627543598413467,0.021223410964012146,0.004291863646358252,0.02766924723982811,-3.261502981185913,11.01092529296875,-0.033200808078795344,0.009721380641370667,-0.010330123424832676,0.6095231534549782,-1.0447034592521822,-0.10420009779233382
179528,179,0.02629506215453148,0.6441596150398254,0.024173559620976448,0.6383389830589294,-0.5800864696502686,0.4642329514026642,-0.5899730920791626,0.4903618395328522,0.06763072311878204,0.0271289125084877,0.010756837204098701,0.042511217296123505,0.9805417060852051,0.7691037058830261,0.689177930355072,0.8562051057815552,0.07489936798810959,0.019440054893493652,0.004785328637808561,0.037397775799036026,-2.709566354751587,11.74044418334961,-0.04444626311980668,-0.01086056231922608,-0.020690253406756197,0.6083936268383116,-0.9984746488223865,-0.15075926344976232
179529,179,0.020794648677110672,0.6486309170722961,0.01866024360060692,0.6431003212928772,-0.535502552986145,0.4211164712905884,-0.5235437154769897,0.4545198082923889,0.05962740629911423,0.02496160753071308,0.024061350151896477,0.048680637031793594,0.9834906458854675,0.7678819894790649,0.6871286034584045,0.8567548990249634,0.0659208595752716,0.018129190430045128,0.011700375936925411,0.04270860180258751,-4.771021842956543,11.830105781555176,-0.0498342981712447,-0.026145814521208247,-0.030674999894980744,0.6068860342038136,-0.9984746488223865,-0.1507592634498152
179530,179,0.015105396509170532,0.6524084806442261,0.013537125661969185,0.6472153663635254,-0.5918161273002625,0.3446105420589447,-0.49735334515571594,0.37879157066345215,0.05283487215638161,0.023073656484484673,0.04040272533893585,0.0551241897046566,0.9863103628158569,0.7668377757072449,0.6848931312561035,0.8572300672531128,0.0583546906709671,0.016748620197176933,0.020356174558401108,0.04816555976867676,-3.422931432723999,13.195600509643555,-0.05625692512702278,-0.04293957349784823,-0.04061440853875365,0.605345144475953,-0.9511215434480318,-0.1855364080125649
179531,179,0.009230711497366428,0.6558198928833008,0.00879760179668665,0.6508087515830994,-0.6009750366210938,0.32239848375320435,-0.47174394130706787,0.3325875997543335,0.04707195237278938,0.021434400230646133,0.042913660407066345,0.05677018687129021,0.9891851544380188,0.7660290002822876,0.682967483997345,0.8577349185943604,0.05269714444875717,0.01608480140566826,0.021393436938524246,0.04917638748884201,-4.940978050231934,10.629129409790039,-0.05708719071826314,-0.04335676533435147,-0.05008388191426976,0.603459124125081,-0.9469473375514328,-0.1886020350871931
179532,179,0.0025699222460389137,0.6582121849060059,0.003675284096971154,0.6534994840621948,-0.7014349699020386,0.18680405616760254,-0.5410488843917847,0.22917291522026062,0.04214998707175255,0.02000661939382553,0.04937012121081352,0.06399799138307571,0.9921398758888245,0.7655277848243713,0.6807996034622192,0.8578318357467651,0.04741271957755089,0.01508486457169056,0.02446706034243107,0.05474792420864105,-4.316946029663086,12.94564437866211,-0.06543518293447628,-0.05054818699938694,-0.059553355289782485,0.6015731037742095,-0.9217848711986492,-0.2014991934301282
179533,179,-0.004463907331228256,0.6600264310836792,-0.0021185653749853373,0.6555343866348267,-0.7160952687263489,0.1605532169342041,-0.6328995227813721,0.16959382593631744,0.037930045276880264,0.018761595711112022,0.0483003668487072,0.0628044456243515,0.9950187802314758,0.7650632262229919,0.6788861751556396,0.8582608699798584,0.04264291748404503,0.014100956730544567,0.024026604369282722,0.05449661985039711,-2.3751866817474365,15.035538673400879,-0.055404431100078325,-0.04139432723440348,-0.06846139646755321,0.599399318311142,-0.8901215254393259,-0.2177284127045204
179534,179,-0.011391416192054749,0.6617752313613892,-0.008930259384214878,0.6570695638656616,-0.688841700553894,0.1718839854001999,-0.7334615588188171,0.13024502992630005,0.03429916128516197,0.017674589529633522,0.04777652025222778,0.06251341849565506,0.9979134798049927,0.7647732496261597,0.6768668293952942,0.8585412502288818,0.039050232619047165,0.013810192234814167,0.02311115711927414,0.053337909281253815,-3.670555353164673,11.888191223144531,-0.06070595376249817,-0.04438802785282464,-0.07736261172194707,0.5972220341840964,-0.8901215254393259,-0.21772841270457324
179535,179,-0.018855461850762367,0.6626385450363159,-0.01708713360130787,0.6577800512313843,-0.7741826772689819,0.03878229111433029,-0.8578625917434692,0.04143916070461273,0.03116890788078308,0.016725454479455948,0.05201278254389763,0.07033910602331161,1.000995397567749,0.7649964094161987,0.6744076609611511,0.8580609560012817,0.0361773744225502,0.013845980167388916,0.024434439837932587,0.05812739208340645,-4.916107654571533,8.664093017578125,-0.07195844863743885,-0.05280657807949238,-0.08571217053969685,0.594863511854356,-0.8279972124860627,-0.23813839630184996
179536,179,-0.02733004465699196,0.6618552207946777,-0.026229331269860268,0.6574997305870056,-0.890652596950531,-0.15472647547721863,-0.9380925893783569,-0.07500049471855164,0.02846364676952362,0.015896061435341835,0.05081603303551674,0.06886715441942215,1.0041307210922241,0.7657907009124756,0.6720268726348877,0.8575983643531799,0.03308181092143059,0.013924955390393734,0.023920031264424324,0.05662423372268677,-0.5951273441314697,7.465572357177734,-0.05988571811334838,-0.04314001812081017,-0.09399214266455702,0.5924821278913376,-0.8279972124860627,-0.23813839630184996
179537,179,-0.03585325926542282,0.6595961451530457,-0.03550101816654205,0.6562843322753906,-0.8414627909660339,-0.2996356189250946,-0.932136595249176,-0.1850353628396988,0.026116592809557915,0.015169624239206314,0.04744323715567589,0.06421957910060883,1.007200837135315,0.767205536365509,0.6697458028793335,0.8569176197052002,0.030644750222563744,0.014221220277249813,0.021984359249472618,0.05212678015232086,-1.58644437789917,7.238118648529053,-0.03567674314879603,-0.02570595718728505,-0.10174083111555463,0.5900085998470853,-0.7605743986916399,-0.24983198587912894
179538,179,-0.04444892704486847,0.6556529998779297,-0.044905416667461395,0.6534276604652405,-0.8714953064918518,-0.4684023857116699,-0.9370489120483398,-0.372149258852005,0.02407754585146904,0.014533245004713535,0.045476485043764114,0.05752883478999138,1.0100891590118408,0.7690812945365906,0.6675674915313721,0.8561095595359802,0.0278825294226408,0.014107284136116505,0.021300673484802246,0.046329326927661896,2.743411064147949,8.65943431854248,-0.01586057736922839,-0.03271935315867269,-0.10934657510247155,0.5875102799882939,-0.7605743986916399,-0.24983198587907607
179539,179,-0.05232541263103485,0.6507465839385986,-0.053677160292863846,0.6490176916122437,-0.7488580346107483,-0.5320385098457336,-0.847583532333374,-0.5227094292640686,0.0223075021058321,0.014085916802287102,0.04298178851604462,0.051064394414424896,1.0126198530197144,0.7711243629455566,0.6656865477561951,0.8551926016807556,0.025654736906290054,0.013751266524195671,0.020136795938014984,0.04105924069881439,2.7330875396728516,11.88702392578125,0.010889892535856677,-0.02667406198864536,-0.11645200517998869,0.5849914773816897,-0.6878530840560638,-0.25280918143635733
179540,179,-0.05932105705142021,0.6455234289169312,-0.06150336191058159,0.6430341005325317,-0.6718304753303528,-0.5335100293159485,-0.7344407439231873,-0.6684239506721497,0.020771438255906105,0.022424397990107536,0.04424643889069557,0.045578841120004654,1.0148719549179077,0.7722450494766235,0.6638894081115723,0.8540995121002197,0.02363654039800167,0.020260708406567574,0.02078261412680149,0.035981908440589905,4.448089599609375,9.579148292541504,0.02382629543847574,-0.044493845747389,-0.12333053602054894,0.5824633855673261,-0.6878530840560572,-0.25280918143635733
179541,179,-0.06556587666273117,0.6396933794021606,-0.06824641674757004,0.6358569860458374,-0.5790982842445374,-0.6211931705474854,-0.6116840839385986,-0.7450454235076904,0.019428953528404236,0.027397695928812027,0.05439704656600952,0.040872491896152496,1.0166985988616943,0.7738307118415833,0.6621321439743042,0.8528119325637817,0.021602340042591095,0.025053098797798157,0.02604261226952076,0.03190502151846886,5.6339263916015625,10.625791549682617,0.028193553581423406,-0.0563048434466214,-0.1297503197178565,0.5799690395505304,-0.6098332685793347,-0.24706998297353513
179542,179,-0.07057840377092361,0.63338702917099,-0.07347653061151505,0.6284738779067993,-0.4454365670681,-0.6463614106178284,-0.4536353647708893,-0.7348083257675171,0.018256844952702522,0.04401789978146553,0.0685364305973053,0.036829881370067596,1.0182130336761475,0.7743697166442871,0.6604641079902649,0.8514125347137451,0.020260708406567574,0.03766719251871109,0.032826997339725494,0.02851930819451809,2.614312171936035,12.541298866271973,0.04682082334259606,-0.07132735377327758,-0.1358486524036502,0.5774983397207946,-0.6098332685793347,-0.24706998297358798
179543,179,-0.0750059261918068,0.6269582509994507,-0.07742806524038315,0.621182918548584,-0.4302029013633728,-0.6313177347183228,-0.34206312894821167,-0.7128416299819946,0.017232738435268402,0.055238451808691025,0.08964420109987259,0.03334731608629227,1.0196118354797363,0.775257408618927,0.6586593389511108,0.8499829173088074,0.019133657217025757,0.047755174338817596,0.04269992187619209,0.02562755160033703,2.8086471557617188,10.799581527709961,0.057242666311334664,-0.09415429571295734,-0.1415404017140188,0.5750981814459677,-0.5265149522614327,-0.2326143904907152
179544,179,-0.07924842834472656,0.6205796003341675,-0.08047733455896378,0.6142467856407166,-0.41516271233558655,-0.6290229558944702,-0.27389582991600037,-0.6690478920936584,0.01633903943002224,0.060986701399087906,0.09765134006738663,0.030345803126692772,1.021141767501831,0.7768169045448303,0.6570636630058289,0.8484793901443481,0.018803928047418594,0.05393088981509209,0.04588843509554863,0.02304978296160698,-1.3838434219360352,9.130721092224121,0.06210765919050458,-0.09955059227302744,-0.14680555123663416,0.5727720375410602,-0.5265149522614327,-0.2326143904907152
179545,179,-0.08425324410200119,0.6139233112335205,-0.08337214589118958,0.6074482798576355,-0.5388371348381042,-0.6644381284713745,-0.28503021597862244,-0.6646960377693176,0.01555726770311594,0.06770054250955582,0.10325150191783905,0.027748068794608116,1.0228757858276367,0.778386116027832,0.6553853154182434,0.8470684289932251,0.018236393108963966,0.05913124978542328,0.04813758283853531,0.02117486670613289,-1.2609505653381348,10.832152366638184,0.06904738889262203,-0.10461383915092745,-0.1517268781533339,0.5705357981603627,-0.43789813510238434,-0.20944240398784464
179546,179,-0.08972154557704926,0.6077834367752075,-0.08654261380434036,0.6011764407157898,-0.5569530725479126,-0.5799418687820435,-0.3767758011817932,-0.6019874215126038,0.014875003136694431,0.07979410886764526,0.10068430006504059,0.025502340868115425,1.0246717929840088,0.7793055772781372,0.6538823843002319,0.8457509279251099,0.01766117289662361,0.0679047480225563,0.04690384492278099,0.01940840668976307,-0.2251136302947998,9.272907257080078,0.08257375615843443,-0.08624805927109606,-0.15610585950435812,0.5684413741204845,-0.43789813510239756,-0.20944240398784464
179547,179,-0.09529492259025574,0.6021420359611511,-0.09124001860618591,0.5953938961029053,-0.5562693476676941,-0.5416408181190491,-0.5498753190040588,-0.5524426698684692,0.014276135712862015,0.07944126427173615,0.09790433943271637,0.023546699434518814,1.0266427993774414,0.7809872031211853,0.6522422432899475,0.8444260954856873,0.017652539536356926,0.07044219970703125,0.04442368820309639,0.017830708995461464,-4.062066078186035,7.569420337677002,0.07734699441306146,-0.08222095530600675,-0.16021437602066105,0.5664387847860761,-0.3439828171021762,-0.17755402346492352
179548,179,-0.10172083973884583,0.5964964628219604,-0.09780740737915039,0.5897893905639648,-0.6914642453193665,-0.558188259601593,-0.7177571058273315,-0.5440744161605835,0.013751044869422913,0.07931756228208542,0.09513437002897263,0.02184397354722023,1.0289198160171509,0.7829520106315613,0.6502810716629028,0.8431873917579651,0.017677363008260727,0.07035568356513977,0.04207000136375427,0.016547031700611115,-4.571034908294678,7.995791435241699,0.07858398214423237,-0.07942360198570028,-0.16365420419168358,0.564663244551427,-0.3439828171021894,-0.17755402346487065
179549,179,-0.10921070724725723,0.5911400318145752,-0.10559780895709991,0.5845335721969604,-0.7943850755691528,-0.5155677795410156,-0.8244346380233765,-0.5079183578491211,0.013292289339005947,0.08658303320407867,0.08906315267086029,0.02036571130156517,1.0314325094223022,0.784218966960907,0.6481720209121704,0.8420239686965942,0.01756083406507969,0.07476601004600525,0.03884459286928177,0.015369588509202003,-2.6823079586029053,7.110943794250488,0.08828817984494876,-0.05410290291036102,-0.16690752230085934,0.5629640364154687,-0.2447689982608348,-0.13694924892189891
179550,179,-0.1173899695277214,0.5861824154853821,-0.11423798650503159,0.5797011852264404,-0.8412638902664185,-0.4803732931613922,-0.9009197950363159,-0.4672725200653076,0.012889602221548557,0.0887717455625534,0.08041767030954361,0.01907501183450222,1.033909559249878,0.7855338454246521,0.6461734175682068,0.8409332633018494,0.017080524936318398,0.07732833176851273,0.03510414808988571,0.014427156187593937,1.678481101989746,6.152863502502441,0.0892780751144281,-0.029783313422011404,-0.16935521228346784,0.5615945439262496,-0.2447689982608348,-0.13694924892189891
179551,179,-0.12527096271514893,0.5816362500190735,-0.12329002469778061,0.5753401517868042,-0.762978196144104,-0.4446123242378235,-0.9184716939926147,-0.42502474784851074,0.012536292895674706,0.09037740528583527,0.07066141068935394,0.017947882413864136,1.0359481573104858,0.7867996692657471,0.6446484327316284,0.8400397896766663,0.01607411727309227,0.07804226875305176,0.0315803624689579,0.013815455138683319,7.218575477600098,7.925124168395996,0.09074366389828514,-0.012190849536154652,-0.1717109439787879,0.5602684481409016,-0.14872317780618385,-0.09162356755906952
179552,179,-0.13142910599708557,0.5779371857643127,-0.13198669254779816,0.5716249942779541,-0.5318703055381775,-0.3410285413265228,-0.85360187292099,-0.35465893149375916,0.01222655363380909,0.09191624820232391,0.06243915855884552,0.016963837668299675,1.0375221967697144,0.7879050970077515,0.6435428857803345,0.839188814163208,0.015432341955602169,0.07952328026294708,0.02805701456964016,0.012953847646713257,6.866593360900879,5.500051975250244,0.09227440623155417,-0.011933701812202074,-0.1731135107645713,0.5593921673373128,-0.1402566785783205,-0.08762808035882373
179553,179,-0.13623251020908356,0.5743321180343628,-0.1398538202047348,0.5680399537086487,-0.4334087371826172,-0.36413121223449707,-0.680568516254425,-0.3509068787097931,0.011954938992857933,0.09044872224330902,0.059058986604213715,0.016104023903608322,1.038764476776123,0.789197564125061,0.6425773501396179,0.8384024500846863,0.014878029935061932,0.07878395915031433,0.026613524183630943,0.012457636184990406,6.085484027862549,7.1982645988464355,0.08199397971259137,-0.037950471841849284,-0.17451607755035436,0.5585158865337241,-0.09165460465575853,0.22139257817836247
179554,179,-0.1400611698627472,0.5710476636886597,-0.1449507474899292,0.564764142036438,-0.33343470096588135,-0.29675668478012085,-0.3631952702999115,-0.30448034405708313,0.011716476641595364,0.10181193053722382,0.05706377699971199,0.015351532027125359,1.0397809743881226,0.7895835041999817,0.6417577862739563,0.837651252746582,0.014499036595225334,0.08512385189533234,0.025766927748918533,0.011753298342227936,4.671545028686523,5.5663347244262695,0.10451091901845339,-0.04452121950776873,-0.17483422086211475,0.5645345636821294,-0.03049588318328916,0.6102506424418167
179555,179,-0.14322973787784576,0.567919135093689,-0.14752604067325592,0.5616883635520935,-0.2766372263431549,-0.3020091652870178,-0.16363787651062012,-0.29300814867019653,0.011507390066981316,0.1108631119132042,0.05653171241283417,0.014693579636514187,1.0405550003051758,0.7897041440010071,0.641112208366394,0.8369923233985901,0.014095683582127094,0.09190994501113892,0.025666067376732826,0.011481630615890026,2.711329460144043,7.997071743011475,0.11317044956889674,-0.05317148349324186,-0.17513917969394777,0.5706370701065473,-0.030495883183302375,0.6102506424417637
179556,179,-0.1456071138381958,0.5654054880142212,-0.14833149313926697,0.5590366125106812,-0.20723716914653778,-0.20630258321762085,-0.020506247878074646,-0.23999421298503876,0.011323810555040836,0.12621824443340302,0.05626080557703972,0.014117291197180748,1.0411967039108276,0.7892257571220398,0.6405684947967529,0.8364894390106201,0.013858613558113575,0.1018611341714859,0.025551676750183105,0.01111537590622902,1.5034937858581543,6.5126776695251465,0.13033914795564666,-0.05454880121225143,-0.174424646881807,0.5756219267503675,0.08431328740960922,0.4843874781065452
179557,179,-0.147614985704422,0.5635202527046204,-0.1482122242450714,0.5568563938140869,-0.17998479306697845,-0.15577897429466248,0.04594583064317703,-0.18471470475196838,0.011162905022501945,0.12992586195468903,0.058600131422281265,0.013613256625831127,1.041675329208374,0.7890673279762268,0.640085756778717,0.8361616134643555,0.013469581492245197,0.10659176856279373,0.026843778789043427,0.010991433635354042,1.9533085823059082,6.2111711502075195,0.13099941063664705,-0.059077280126242145,-0.17358151400771096,0.5804658015314326,0.08431328740960922,0.4843874781065981
179558,179,-0.14904338121414185,0.5623654127120972,-0.14755508303642273,0.5554486513137817,-0.10510851442813873,-0.07769660651683807,0.06474502384662628,-0.10007500648498535,0.011021244339644909,0.13420407474040985,0.05825077369809151,0.013170319609344006,1.0418660640716553,0.7889551520347595,0.6399586200714111,0.8359641432762146,0.012832513079047203,0.10986380279064178,0.027312060818076134,0.010604800656437874,4.437463283538818,3.057403564453125,0.1353826601733904,-0.05605857584563695,-0.17179431226209094,0.5843531328578926,0.20412080807174518,0.362996864393302
179559,179,-0.1493512988090515,0.5615537166595459,-0.14724642038345337,0.5547404289245605,0.03284545987844467,-0.07783821225166321,0.006275033578276634,-0.04591679945588112,0.010897135362029076,0.13413108885288239,0.060342032462358475,0.012782919220626354,1.0416464805603027,0.7891085743904114,0.640155017375946,0.8357048034667969,0.01222213264554739,0.1117500364780426,0.028873158618807793,0.010166850872337818,5.3864288330078125,0.44832944869995117,0.13375227605542336,-0.06076500491993271,-0.16975310418137338,0.5879831015018254,0.20412080807174518,0.36299686439324913
179560,179,-0.14829930663108826,0.5604538917541504,-0.1473766714334488,0.5542325377464294,0.17022591829299927,-0.12570059299468994,-0.012317147105932236,-0.052880365401506424,0.010788027197122574,0.139951691031456,0.07283792644739151,0.012442824430763721,1.041100263595581,0.7891964316368103,0.6403423547744751,0.8353817462921143,0.011836351826786995,0.11537244915962219,0.03480133041739464,0.009869486093521118,2.539682388305664,1.9035863876342773,0.14163318127402913,-0.07539258987464703,-0.16685324670171975,0.5908086879159016,0.32892667880310555,0.24607880130187548
179561,179,-0.14637966454029083,0.5591639280319214,-0.14736239612102509,0.5535227060317993,0.20435786247253418,-0.12526491284370422,0.03316473588347435,-0.08366335928440094,0.010692310519516468,0.15266484022140503,0.08829866349697113,0.012144851498305798,1.0404491424560547,0.7887835502624512,0.6404926180839539,0.8350920081138611,0.011631917208433151,0.12286879867315292,0.0420786514878273,0.009686252102255821,2.727651596069336,2.2092843055725098,0.15659007590580612,-0.09183040288234771,-0.16356397991368923,0.5932694759289199,0.32892667880310555,0.24607880130187548
179562,179,-0.14427229762077332,0.5580987930297852,-0.14629285037517548,0.5526549816131592,0.202336385846138,-0.09679163247346878,0.1705625355243683,-0.09425261616706848,0.010608136653900146,0.16086652874946594,0.09208128601312637,0.011883090250194073,1.0396790504455566,0.7882222533226013,0.6410585641860962,0.8350012898445129,0.011242528446018696,0.12858176231384277,0.04487532377243042,0.009800873696804047,5.499527454376221,4.209036827087402,0.1634219985370239,-0.09294711496957565,-0.15951147989944908,0.595069097835587,0.45873089960370345,0.1336332888324772
179563,179,-0.14157967269420624,0.5579521059989929,-0.14350813627243042,0.5521528124809265,0.2971884310245514,0.02708752453327179,0.3395942747592926,-0.031536586582660675,0.010534272529184818,0.16377508640289307,0.09146183729171753,0.011653628200292587,1.038741111755371,0.7876847982406616,0.6419675946235657,0.8351545929908752,0.010846968740224838,0.13089381158351898,0.04536307230591774,0.00988792534917593,6.14985466003418,4.601435661315918,0.1647200750162925,-0.08789704678822934,-0.15492417090341173,0.5964054307239115,0.45873089960370345,0.1336332888324243
179564,179,-0.13821090757846832,0.5586951971054077,-0.13952460885047913,0.5522336959838867,0.36819180846214294,0.11048224568367004,0.44005605578422546,0.04423021152615547,0.01046954095363617,0.1612347513437271,0.09601648896932602,0.01145270373672247,1.0376478433609009,0.7872724533081055,0.6428973078727722,0.8355305790901184,0.010530686937272549,0.12940913438796997,0.04783261567354202,0.010005786083638668,4.761028289794922,5.324664115905762,0.14883570638591662,-0.0971818320965584,-0.14967904155402995,0.5972148685281453,0.593533470473539,0.02566032698489561
179565,179,-0.13441073894500732,0.560221254825592,-0.13481664657592773,0.5531405210494995,0.3973925709724426,0.19401903450489044,0.5001751780509949,0.1415710300207138,0.010412467643618584,0.156971275806427,0.10150831192731857,0.01127567607909441,1.0363870859146118,0.7868125438690186,0.6439194083213806,0.836198627948761,0.010129903443157673,0.1248801201581955,0.05118882656097412,0.010210995562374592,5.368638038635254,6.324920654296875,0.13612904803407744,-0.10280985551961938,-0.14374370684929488,0.5974714717979945,0.5935334704735258,0.025660326984948478
179566,179,-0.1300574690103531,0.5628253221511841,-0.12950162589550018,0.5552820563316345,0.4602324366569519,0.30654990673065186,0.5436977744102478,0.26958951354026794,0.010362363420426846,0.15092511475086212,0.10181664675474167,0.011120369657874107,1.0348304510116577,0.786106526851654,0.6453589200973511,0.8372164368629456,0.009434820152819157,0.11814979463815689,0.05293478071689606,0.010562592186033726,8.18943977355957,7.763035297393799,0.12099858750566063,-0.1018919206413188,-0.137265961364219,0.5973265059047702,0.7333343914125989,-0.07784008424071062
179567,179,-0.12451617419719696,0.5668063163757324,-0.1237950325012207,0.5589003562927246,0.6102725267410278,0.4527251124382019,0.5718850493431091,0.42169201374053955,0.010318422690033913,0.14217808842658997,0.10463059693574905,0.010984244756400585,1.032843828201294,0.7851309180259705,0.6471620798110962,0.8385373950004578,0.00865173526108265,0.1102379858493805,0.05579269304871559,0.010718104429543018,10.756793022155762,7.417187690734863,0.09802847599402215,-0.10535525550384547,-0.12993261745009252,0.5965481050623633,0.7333343914125989,-0.07784008424065775
179568,179,-0.11749250441789627,0.5718966722488403,-0.11791745573282242,0.563835084438324,0.7796009182929993,0.5523094534873962,0.6024720668792725,0.549175500869751,0.010279860347509384,0.12995053827762604,0.11930864304304123,0.01086483709514141,1.030443549156189,0.7841076254844666,0.6489973068237305,0.8400325775146484,0.008046825416386127,0.10082028806209564,0.06411299854516983,0.010802625678479671,9.654958724975586,7.269120216369629,0.06658659230739737,-0.12339648369675146,-0.12218226902876798,0.5954845158766563,0.8781336624208899,-0.1768679448443415
179569,179,-0.10936007648706436,0.5776438117027283,-0.11155933141708374,0.5696789026260376,0.8445332050323486,0.6018552184104919,0.6946301460266113,0.6216402649879456,0.010245906189084053,0.11548322439193726,0.139417365193367,0.01075975876301527,1.0280051231384277,0.7832645177841187,0.650634229183197,0.8414838314056396,0.008057947270572186,0.09091348946094513,0.0743408128619194,0.0105502400547266,6.1515116691589355,3.8746213912963867,0.03836725379050197,-0.14519857729946073,-0.11340093240455745,0.5937158364282124,0.8781336624208899,-0.1768679448443415
179570,179,-0.10160915553569794,0.5830769538879395,-0.10422901809215546,0.5756959915161133,0.7435017228126526,0.5241127014160156,0.79413241147995,0.6047671437263489,0.010216053575277328,0.10019668191671371,0.14985206723213196,0.010667398571968079,1.0256893634796143,0.7828142046928406,0.6523491740226746,0.842769205570221,0.007957883179187775,0.08037744462490082,0.08091641962528229,0.010156586766242981,8.018779754638672,0.9348773956298828,0.01583075785087916,-0.15297695821096235,-0.10433799424643149,0.5917694043549984,1.0279312834984118,-0.27142325482615565
179571,179,-0.09418852627277374,0.5877717733383179,-0.09573293477296829,0.5815650820732117,0.7413257956504822,0.42867013812065125,0.890845000743866,0.5659991502761841,0.01018987875431776,0.087010957300663,0.14699436724185944,0.010586457327008247,1.0234601497650146,0.7826954126358032,0.6543853878974915,0.8437906503677368,0.007943738251924515,0.0705985501408577,0.08077868074178696,0.009816231206059456,7.3424482345581055,0.8868002891540527,0.011316950291481803,-0.1326144426282861,-0.09405868141144665,0.5890551718067372,1.0279312834984118,-0.2714232548261028
179572,179,-0.0869276151061058,0.5914915204048157,-0.08663101494312286,0.5867005586624146,0.7185932397842407,0.32083988189697266,0.923807680606842,0.4619528651237488,0.010166831314563751,0.0759458988904953,0.1435391902923584,0.010515199974179268,1.0212072134017944,0.7828280329704285,0.6565399765968323,0.8445090055465698,0.007557345554232597,0.06262380629777908,0.08038468658924103,0.009306211955845356,9.85137939453125,-0.378725528717041,0.010626504851791868,-0.1260873754977088,-0.08364316671596467,0.5862616772509915,1.1701872978805388,-0.35420844759397646
179573,179,-0.07930334657430649,0.593978226184845,-0.07752261310815811,0.5906566381454468,0.7922640442848206,0.18003788590431213,0.8799797296524048,0.3255220353603363,0.01014657411724329,0.06688273698091507,0.13857056200504303,0.010452594608068466,1.018761396408081,0.7833101153373718,0.6589224338531494,0.8448489904403687,0.0072082108817994595,0.05629047378897667,0.07910365611314774,0.008827521465718746,9.25145149230957,-0.011583566665649414,0.011954530802714178,-0.11324253493946865,-0.07181589416951073,0.5826466171091315,1.1827272546451713,-0.36150601418594164
179574,179,-0.07109702378511429,0.595014214515686,-0.06920260936021805,0.5929941534996033,0.843378484249115,0.03599921613931656,0.7947888970375061,0.1483629196882248,0.010128804482519627,0.06045259162783623,0.1348264217376709,0.010397681035101414,1.0161489248275757,0.7841004729270935,0.6614310145378113,0.8448190689086914,0.006885028909891844,0.051671527326107025,0.07819734513759613,0.008402155712246895,9.500679969787598,-0.18563508987426758,0.020572364973484598,-0.11550085308622714,-0.05998862162305963,0.5790315569672722,1.2534841709393147,-0.3994142097181926
179575,179,-0.06238934025168419,0.594610869884491,-0.061477672308683395,0.5934926271438599,0.8928472399711609,-0.10836707055568695,0.7579822540283203,-0.04280941188335419,0.010113216005265713,0.05639027804136276,0.13120080530643463,0.010349510237574577,1.0133994817733765,0.7851695418357849,0.664043664932251,0.8444057703018188,0.0066506522707641125,0.04902695491909981,0.07723098993301392,0.00793666671961546,9.401469230651855,-0.4712069034576416,0.03077556060980676,-0.11227833369999675,-0.046582600377506236,0.5745706782465906,1.3425215758611548,-0.447116222923858
179576,179,-0.05332805588841438,0.5927159786224365,-0.05394721031188965,0.5919756889343262,0.9177546501159668,-0.26322418451309204,0.7599997520446777,-0.25333142280578613,0.010099461302161217,0.054671868681907654,0.12774644792079926,0.010307016782462597,1.0105915069580078,0.7865489721298218,0.6666892170906067,0.8435673713684082,0.006550615653395653,0.04852958396077156,0.07603134214878082,0.007400275208055973,9.027156829833984,-1.0656273365020752,0.04380464134062723,-0.10967894349528311,-0.03315738461889377,0.5700995160173519,1.3425215758611548,-0.44711622292391084
179577,179,-0.04419878125190735,0.5891504883766174,-0.0460243746638298,0.588276743888855,0.9078046679496765,-0.4324917793273926,0.8295980095863342,-0.46356239914894104,0.010087404400110245,0.05901206657290459,0.1235092282295227,0.010269781574606895,1.0079087018966675,0.7879413962364197,0.6692331433296204,0.8422631621360779,0.006752766668796539,0.05270881950855255,0.07375513762235641,0.006833912339061499,6.473515033721924,-1.3277721405029297,0.05988351883441608,-0.10105932945103573,-0.01826882973418218,0.5649078611303078,1.5073142471463765,-0.5282538810398518
179578,179,-0.035659369081258774,0.5838215351104736,-0.037396881729364395,0.5825163125991821,0.8256763219833374,-0.6079207062721252,0.901957094669342,-0.6596429944038391,0.010076799429953098,0.07742386311292648,0.1177394837141037,0.010237030684947968,1.0053564310073853,0.7885245084762573,0.6716941595077515,0.8405556678771973,0.006776804570108652,0.06721187382936478,0.07110176235437393,0.006349765695631504,7.248287200927734,-0.9168076515197754,0.08124905760626903,-0.08685903457639656,-0.0031956872627191997,0.5596253223199097,1.5073142471463747,-0.5282538810398518
179579,179,-0.027441930025815964,0.577120840549469,-0.028006132692098618,0.5751964449882507,0.8168212175369263,-0.7229421138763428,0.9601026177406311,-0.7945945262908936,0.010067477822303772,0.10053779929876328,0.10845886170864105,0.010208245366811752,1.0027971267700195,0.7888975143432617,0.6742851138114929,0.8385407328605652,0.006631639786064625,0.08668791502714157,0.06685788184404373,0.006098377052694559,8.162107467651367,-0.46885132789611816,0.10584634461462673,-0.05791593120657401,0.013167383123319446,0.5537386716714797,1.671013178378493,-0.6049189885339232
179580,179,-0.019088754430413246,0.5695001482963562,-0.018284646794199944,0.5667440295219421,0.8525093197822571,-0.7925543189048767,0.967727541923523,-0.8848419189453125,0.010059278458356857,0.1192406564950943,0.09780648350715637,0.010182930156588554,1.0000584125518799,0.7897135019302368,0.6771219968795776,0.8363896012306213,0.006276894360780716,0.10458671301603317,0.06187783181667328,0.005980825051665306,9.443578720092773,0.06995677947998047,0.12381393793132345,-0.03845589118426741,0.029877514907105517,0.5476894817861404,1.6710131783784947,-0.6049189885339232
179581,179,-0.010044269263744354,0.5614423155784607,-0.00881287083029747,0.5576799511909485,0.9403355121612549,-0.8198381066322327,0.9213153719902039,-0.9228521585464478,0.010052086785435677,0.1322317123413086,0.08683815598487854,0.010160732083022594,0.9970801472663879,0.7910711169242859,0.6802024841308594,0.8343032002449036,0.006077449303120375,0.11752784252166748,0.056181080639362335,0.006169157102704048,7.726840972900391,3.4940242767333984,0.1358382905318442,-0.0238605394858267,0.04753869948101407,0.5411436157812985,1.8092500090681671,-0.6771115454061251
179582,179,-0.0003630649298429489,0.5536834597587585,0.00023128651082515717,0.5486257672309875,0.9866423606872559,-0.7457401752471924,0.888634979724884,-0.8843662738800049,0.010045768693089485,0.13976387679576874,0.07678164541721344,0.010141231119632721,0.9940260052680969,0.7927652597427368,0.6833294034004211,0.8323855996131897,0.006049550604075193,0.12568604946136475,0.05040118470788002,0.0063018458895385265,6.522393226623535,3.261430263519287,0.14196289691359565,-0.017424929117948268,0.06563119957169267,0.5343725003272393,1.8092500090681605,-0.6771115454060722
179583,179,0.009435816667973995,0.5464537739753723,0.008932145312428474,0.5401909947395325,0.9783234596252441,-0.6970786452293396,0.8660066723823547,-0.7952064275741577,0.010040215216577053,0.13841409981250763,0.06731273978948593,0.010124091990292072,0.9909922480583191,0.7950670719146729,0.686406135559082,0.8304823637008667,0.0060445694252848625,0.12850968539714813,0.044891607016325,0.006167163141071796,7.1486687660217285,-1.2220370769500732,0.13149771172493444,-0.0045995217520391485,0.08435098077099039,0.5272031993709625,1.9159326490930595,-0.7448315516562987
179584,179,0.019110659137368202,0.5390594601631165,0.01757986657321453,0.5325288772583008,0.971581220626831,-0.7496967911720276,0.8867805600166321,-0.7324098944664001,0.016280001029372215,0.13594910502433777,0.05936693400144577,0.010109052993357182,0.9869350790977478,0.7977575659751892,0.6895945072174072,0.8286817669868469,0.010504961013793945,0.12705765664577484,0.04076925665140152,0.00635376013815403,10.056703567504883,0.8983349800109863,0.12322724495348376,0.01725069300537152,0.10351030726192234,0.5197548838543996,1.915932649093066,-0.7448315516562987
179585,179,0.029548712074756622,0.5320666432380676,0.02719133533537388,0.5257599353790283,1.0952329635620117,-0.6697919964790344,1.0136338472366333,-0.6492974162101746,0.03664185106754303,0.13496191799640656,0.05263345688581467,0.010095829144120216,0.9808552265167236,0.8002864718437195,0.6930039525032043,0.8270038962364197,0.02549281343817711,0.12549813091754913,0.03721193969249725,0.006427672225981951,10.442566871643066,0.5377292633056641,0.12985345282769328,0.040042744363570526,0.1230362515612957,0.5119979283516615,1.9910610984531851,-0.8080790072846027
179586,179,0.04104558750987053,0.5255284309387207,0.037913836538791656,0.5194358825683594,1.2023344039916992,-0.6393000483512878,1.1293519735336304,-0.618261456489563,0.041844118386507034,0.13175572454929352,0.046894095838069916,0.010084191337227821,0.9758763313293457,0.8027176856994629,0.6967145800590515,0.8255075812339783,0.03100278042256832,0.12246619164943695,0.03441932052373886,0.006667666137218475,9.763412475585938,3.142538070678711,0.11512879722896692,0.04270806202699967,0.1429468625458266,0.5039171382788165,1.9910610984531851,-0.8080790072846027
179587,179,0.05371542647480965,0.5197432041168213,0.05003569275140762,0.5135773420333862,1.3161746263504028,-0.5405455827713013,1.2763334512710571,-0.5624983310699463,0.04558027163147926,0.12769347429275513,0.04199729114770889,0.01007397472858429,0.9710389375686646,0.8049622774124146,0.7007291316986084,0.8242629766464233,0.033695489168167114,0.1180015355348587,0.031929656863212585,0.0069371676072478294,8.902440071105957,4.572110176086426,0.10641536787397199,0.04624806181877236,0.1630265364199526,0.4956083086345943,2.0346353571485243,-0.8668539122909842
179588,179,0.06737751513719559,0.514899730682373,0.0635342225432396,0.5083704590797424,1.4084210395812988,-0.439238965511322,1.4097836017608643,-0.4812166690826416,0.046883273869752884,0.12094935774803162,0.03779769688844681,0.010064998641610146,0.9661858677864075,0.8070168495178223,0.7049751877784729,0.8233551383018494,0.034513264894485474,0.11108020693063736,0.02973824180662632,0.007356005720794201,7.475101947784424,7.478883266448975,0.08517950474285046,0.04711820694839458,0.18337288999143933,0.4869397695116845,2.034635357148537,-0.8668539122909842
179589,179,0.08187876641750336,0.5113727450370789,0.07830055803060532,0.5042487978935242,1.4814493656158447,-0.28601720929145813,1.5244183540344238,-0.35107648372650146,0.04907754808664322,0.11161451041698456,0.03417826443910599,0.010057098232209682,0.9610415101051331,0.808868944644928,0.7094137072563171,0.8227710723876953,0.03544449433684349,0.10223577916622162,0.027897445484995842,0.007598656229674816,8.604574203491211,5.974223613739014,0.06128491457025606,0.049446534381675095,0.20375385991500455,0.47811484613095173,2.046655425179096,-0.9211562666754433
179590,179,0.09717319905757904,0.5089710354804993,0.09395523369312286,0.5014635920524597,1.5708564519882202,-0.2032766342163086,1.5980881452560425,-0.22000595927238464,0.052613358944654465,0.09857064485549927,0.031063122674822807,0.010050171054899693,0.9554809927940369,0.8108356595039368,0.7140361070632935,0.8222768306732178,0.037421926856040955,0.09185575693845749,0.02624710649251938,0.007584548555314541,8.339595794677734,3.21199893951416,0.02608310786290083,0.05326972437444347,0.22422041416679456,0.4689032834641985,2.046655425179109,-0.9211562666754433
179591,179,0.11317034065723419,0.5067980289459229,0.11011651158332825,0.49957704544067383,1.6397719383239746,-0.21297354996204376,1.6453619003295898,-0.15676157176494598,0.05301007628440857,0.08539930731058121,0.028363695368170738,0.010044070892035961,0.9499125480651855,0.8130263090133667,0.7188296914100647,0.8217706084251404,0.03760312870144844,0.0804961696267128,0.024794770404696465,0.007492884527891874,7.2544264793396,2.5063490867614746,-0.0011224924843154342,0.053079001984936286,0.24465024661447587,0.45959804675193267,2.0271213025449013,-0.9709860704379535
179592,179,0.12982703745365143,0.5045246481895447,0.12683479487895966,0.4980795085430145,1.688960075378418,-0.23784594237804413,1.697468638420105,-0.14605046808719635,0.05410998314619064,0.0745280534029007,0.026033148169517517,0.015117539092898369,0.9441739916801453,0.8152220249176025,0.7237252593040466,0.8208669424057007,0.037943027913570404,0.07047010958194733,0.023478753864765167,0.011201166547834873,6.566181182861328,1.8700695037841797,-0.01587986032002884,0.05432484426581738,0.26492145963992625,0.4498881860475531,2.0271213025449146,-0.9709860704379535
179593,179,0.14687520265579224,0.5018740892410278,0.14401662349700928,0.4964306354522705,1.7230093479156494,-0.28850919008255005,1.740014672279358,-0.1816822737455368,0.05670464411377907,0.06541592627763748,0.024006757885217667,0.02665301412343979,0.9381355047225952,0.8173961043357849,0.7286965250968933,0.8194411396980286,0.039274364709854126,0.06221134588122368,0.02233615145087242,0.01978750340640545,6.462604999542236,2.1203136444091797,-0.02838950385813551,0.05719216668042992,0.2851477210864055,0.4401384164087297,1.9801716321007776,-1.0126689515058789
179594,179,0.16429533064365387,0.4986654222011566,0.16160306334495544,0.49429163336753845,1.7532539367675781,-0.3580678701400757,1.768112301826477,-0.25050032138824463,0.06002151593565941,0.05774887278676033,0.022246433421969414,0.03574811667203903,0.9317823648452759,0.8195788264274597,0.7338332533836365,0.8180369734764099,0.04080241173505783,0.05527759715914726,0.021544838324189186,0.026683025062084198,8.195676803588867,3.526895046234131,-0.03725374739836151,0.060669762146951134,0.3049080509788684,0.4299749831729428,1.9760329892459265,-1.0163433235785675
179595,179,0.1824667900800705,0.49504655599594116,0.17966052889823914,0.49155792593955994,1.8510725498199463,-0.38954421877861023,1.8204816579818726,-0.31444022059440613,0.06332048028707504,0.05126886069774628,0.020717157050967216,0.04127851128578186,0.9250978827476501,0.8217971324920654,0.7391999959945679,0.8167223930358887,0.04227028414607048,0.04951009899377823,0.02090151235461235,0.03084642067551613,9.212711334228516,4.71064567565918,-0.042306555226839064,0.06402093863290831,0.3246683808713266,0.41981154993715836,1.9394388932179674,-1.0344470675152253
179596,179,0.20152877271175385,0.4910070598125458,0.19820205867290497,0.4880312979221344,1.9466603994369507,-0.4288269877433777,1.8808224201202393,-0.3980485796928406,0.062043994665145874,0.0457359179854393,0.01938113383948803,0.05136100947856903,0.9184758067131042,0.8242098689079285,0.744735062122345,0.8149251937866211,0.04136686772108078,0.04539194703102112,0.02027277648448944,0.037397775799036026,9.717004776000977,1.3595104217529297,-0.05319815639670522,0.054115800016303894,0.3436122127516528,0.4092441807515635,1.8933904852821584,-1.0572280260972593
179597,179,0.2212318778038025,0.4857041537761688,0.2171989232301712,0.4832790493965149,2.001323699951172,-0.6029292345046997,1.935706615447998,-0.531233012676239,0.05937793478369713,0.041002608835697174,0.01821499690413475,0.06048712879419327,0.9118377566337585,0.8270670175552368,0.7504068613052368,0.8128136992454529,0.03915860876441002,0.04183165729045868,0.01965630054473877,0.0434536449611187,8.020362854003906,3.129398822784424,-0.06221801239358342,0.04274181391388682,0.3625461176044758,0.398671900490591,1.8933904852821584,-1.0572280260972593
179598,179,0.24141506850719452,0.47908443212509155,0.237050861120224,0.47731465101242065,2.0324008464813232,-0.7136961221694946,2.0257484912872314,-0.6566486358642578,0.05592843517661095,0.03695095703005791,0.017198994755744934,0.05894206091761589,0.9051315784454346,0.8303600549697876,0.7561991810798645,0.8108094930648804,0.03604064881801605,0.03919393941760063,0.019252439960837364,0.041744038462638855,10.6074857711792,0.13632535934448242,-0.049246652280232436,0.034160494330795654,0.38046596952632017,0.38777628469460607,1.7791937906536368,-1.0936401779940284
179599,179,0.26217296719551086,0.47094470262527466,0.2576987147331238,0.46997034549713135,2.114398956298828,-0.8978502154350281,2.1012754440307617,-0.8047143220901489,0.052114397287368774,0.0334562323987484,0.016309525817632675,0.05679891258478165,0.8983080387115479,0.8343411684036255,0.7620136141777039,0.8083574771881104,0.0331396646797657,0.03717575967311859,0.01859317161142826,0.038968682289123535,7.182013988494873,0.09550333023071289,-0.04330987037244462,0.02785327353607292,0.3982579074328556,0.3768398829146673,1.7791937906536368,-1.0936401779940284
179600,179,0.282980740070343,0.460811585187912,0.278766006231308,0.46076980233192444,2.0761523246765137,-1.0914264917373657,2.1266579627990723,-1.004978060722351,0.04650866612792015,0.03043997660279274,0.015531727112829685,0.05232226848602295,0.8917883038520813,0.8390039801597595,0.7676074504852295,0.8054730892181396,0.029827529564499855,0.0354827456176281,0.01770327053964138,0.03466557711362839,4.215784072875977,-1.0393786430358887,-0.023889319420015154,0.010379204136402254,0.41490134587089567,0.36565180091327015,1.6334429053603086,-1.1255797792688487
179601,179,0.303012490272522,0.44866472482681274,0.29976338148117065,0.4493895173072815,1.9681427478790283,-1.2932827472686768,2.09108829498291,-1.2357910871505737,0.04167911410331726,0.027827434241771698,0.014850379899144173,0.0466277115046978,0.8856217861175537,0.8442916870117188,0.7728573679924011,0.8021641373634338,0.026742292568087578,0.03387440741062164,0.016882801428437233,0.029784617945551872,2.0982980728149414,-1.0295629501342773,0.0007734496733372009,0.01013461193437687,0.4312357749245,0.3543960031205816,1.633442905360335,-1.1255797792688487
179602,179,0.32190150022506714,0.434782475233078,0.3202182948589325,0.43571558594703674,1.8350985050201416,-1.4538698196411133,2.0104165077209473,-1.4668810367584229,0.03876202180981636,0.029990822076797485,0.014254733920097351,0.04177025333046913,0.8797439932823181,0.8496777415275574,0.7777148485183716,0.7982531785964966,0.024797024205327034,0.03678662329912186,0.016086937859654427,0.024927832186222076,2.81613826751709,-5.230808258056641,0.030341803331397965,0.019461764213495103,0.4463965424843087,0.34295123531874516,1.4628495935163697,-1.1530468299217729
179603,179,0.33947962522506714,0.418704628944397,0.3394826054573059,0.4196670949459076,1.7091048955917358,-1.715322494506836,1.8641988039016724,-1.7038757801055908,0.03809766471385956,0.052961379289627075,0.013732915744185448,0.0376032218337059,0.8739306330680847,0.853167712688446,0.7823127508163452,0.793659508228302,0.024100681766867638,0.058881886303424835,0.015531311742961407,0.020888296887278557,3.0840110778808594,-4.516979217529297,0.0570661926120323,0.03367984337144836,0.46102503841947,0.3314207670195303,1.4628495935163697,-1.1530468299217465
179604,179,0.3562593162059784,0.4007098078727722,0.35735252499580383,0.4016425311565399,1.6485599279403687,-1.865647315979004,1.7057055234909058,-1.8919559717178345,0.045979004353284836,0.0940566137433052,0.013275912031531334,0.03401988744735718,0.8675546050071716,0.8553145527839661,0.7865769267082214,0.7884463667869568,0.02948337234556675,0.09850252419710159,0.014773128554224968,0.017461635172367096,1.009511947631836,-6.285073757171631,0.10312944932221396,0.04740071681684638,0.47466225315573196,0.31975509382223255,1.2942609115783388,-1.1760413299527748
179605,179,0.37191617488861084,0.38109710812568665,0.373149573802948,0.38152602314949036,1.5167028903961182,-2.0063695907592773,1.4909621477127075,-2.0907633304595947,0.05058329552412033,0.1275201439857483,0.012875249609351158,0.030927550047636032,0.8616640567779541,0.8583066463470459,0.7905535101890564,0.7828897833824158,0.03365404158830643,0.136322021484375,0.01427188515663147,0.015026497654616833,1.938326358795166,-7.105527877807617,0.13629268554023222,0.05143520915560815,0.4876048622715162,0.30799468052270496,1.2942609115783388,-1.1760413299527748
179606,179,0.38669678568840027,0.3607541620731354,0.3871423006057739,0.35989081859588623,1.4435583353042603,-2.0430989265441895,1.3240069150924683,-2.2145071029663086,0.06394301354885101,0.16060511767864227,0.012524745427072048,0.028259890154004097,0.8554701805114746,0.8618566393852234,0.7941980361938477,0.777169406414032,0.04295292869210243,0.17326198518276215,0.013584082946181297,0.012921412475407124,0.3250408172607422,-8.74305534362793,0.17122576536005596,0.06678197330998004,0.4997673138261404,0.2961438823349185,1.1343886236603582,-1.1945632793618277
179607,179,0.40028953552246094,0.33995771408081055,0.3994307219982147,0.3373154401779175,1.2988836765289307,-2.0853962898254395,1.1682077646255493,-2.2591423988342285,0.07177537679672241,0.18414784967899323,0.012216335162520409,0.02593984454870224,0.8498578667640686,0.8660033345222473,0.7976449728012085,0.7716915607452393,0.049699556082487106,0.20117858052253723,0.013281740248203278,0.012034833431243896,2.1203041076660156,-3.2832372188568115,0.19199867399502493,0.07336849573487203,0.5111112000627431,0.28419824954130163,1.1343886236603318,-1.1945632793618277
179608,179,0.413330078125,0.32043886184692383,0.41118961572647095,0.31570717692375183,1.2712891101837158,-1.8740044832229614,1.1560828685760498,-2.092630624771118,0.08805946260690689,0.20625470578670502,0.011946302838623524,0.023929951712489128,0.8440402746200562,0.8701198697090149,0.8008565902709961,0.7666710615158081,0.06053755804896355,0.22442269325256348,0.012798014096915722,0.011131910607218742,2.256453037261963,-3.563070297241211,0.21458069677901215,0.09183061561464728,0.5218686195878874,0.2721981067680047,0.9832327297624018,-1.2086126781489845
179609,179,0.4255261719226837,0.30245935916900635,0.4225243330001831,0.29589641094207764,1.176520824432373,-1.7215299606323242,1.1178439855575562,-1.8663347959518433,0.09119724482297897,0.20446424186229706,0.011708966456353664,0.022179249674081802,0.8392107486724854,0.8751798272132874,0.8039002418518066,0.762050986289978,0.06535510718822479,0.23151415586471558,0.012617286294698715,0.010383601300418377,4.738409519195557,-6.953564643859863,0.1965308390562263,0.09192078733181058,0.531700946885512,0.260111979986515,0.983232729762349,-1.2086126781489845
179610,179,0.4371830224990845,0.2857712507247925,0.43357688188552856,0.2784850597381592,1.1560124158859253,-1.6132621765136719,1.0997246503829956,-1.6366246938705444,0.10049331933259964,0.20078465342521667,0.011501284316182137,0.02065970003604889,0.8343634605407715,0.8807539343833923,0.8069433569908142,0.7578503489494324,0.07070890069007874,0.2286492884159088,0.012493099085986614,0.009789612144231796,5.34235954284668,-7.028985023498535,0.18430203039306925,0.10290001776701166,0.5411230655333389,0.24799827303268007,0.8407932298844696,-1.2181895263141924
179611,179,0.4487924575805664,0.27036282420158386,0.44463205337524414,0.263129323720932,1.1611831188201904,-1.4749655723571777,1.1111102104187012,-1.4500375986099243,0.10148368775844574,0.19628684222698212,0.011318420059978962,0.019330842420458794,0.829859733581543,0.8860921859741211,0.8100582361221313,0.7541602253913879,0.07221220433712006,0.2214270830154419,0.012518136762082577,0.00952368974685669,6.263432502746582,-4.823894500732422,0.17607519167831306,0.1017254020005276,0.5495309978321831,0.23581637776953956,0.8407932298844696,-1.2181895263142055
179612,179,0.46073633432388306,0.2568208575248718,0.45607298612594604,0.24973547458648682,1.2055368423461914,-1.2701166868209839,1.1589157581329346,-1.2595016956329346,0.10068768262863159,0.18988576531410217,0.011157800443470478,0.018170686438679695,0.8254842758178711,0.8909324407577515,0.813343346118927,0.751070499420166,0.07095488905906677,0.21133020520210266,0.012687252834439278,0.0095778563991189,8.240449905395508,-2.821831703186035,0.1608298138992384,0.09622192602624546,0.557687546754851,0.22362488704014505,0.7070701240266409,-1.2232938238575042
179613,179,0.4733318090438843,0.2454807609319687,0.46810591220855713,0.23833809792995453,1.2832615375518799,-1.0423773527145386,1.226216197013855,-1.0536715984344482,0.09786362200975418,0.17958387732505798,0.011017078533768654,0.017159778624773026,0.8211239576339722,0.8954516649246216,0.8166957497596741,0.7483848929405212,0.06889760494232178,0.20022714138031006,0.012637123465538025,0.008923128247261047,8.442840576171875,-6.80272102355957,0.13181195977062038,0.08190295476466797,0.5647582479951166,0.21139194880157153,0.7070701240266409,-1.2232938238575042
179614,179,0.4861379861831665,0.23532363772392273,0.48041996359825134,0.2284388393163681,1.2919259071350098,-0.9814889430999756,1.2532864809036255,-0.924426794052124,0.09235136955976486,0.164862722158432,0.010893325321376324,0.016274847090244293,0.8169076442718506,0.90007084608078,0.8201055526733398,0.7459341287612915,0.0650159940123558,0.18497808277606964,0.012625639326870441,0.008644627407193184,7.523140907287598,-5.790071487426758,0.09493781851588876,0.06094246472917278,0.5717189583447878,0.1991584547015898,0.5921901535381006,-1.2238743932254685
179615,179,0.4991590976715088,0.22610057890415192,0.49328672885894775,0.21988016366958618,1.3090382814407349,-0.8751174211502075,1.3135533332824707,-0.8026516437530518,0.0857512354850769,0.15062762796878815,0.01078476756811142,0.015501799993216991,0.8127895593643188,0.9045846462249756,0.8235438466072083,0.7437525391578674,0.06005895137786865,0.16824248433113098,0.012608934193849564,0.008360602892935276,7.811627388000488,-5.916171073913574,0.08067220329961927,0.04749975538258372,0.5775395924666752,0.18691919899380252,0.5820634121888099,-1.2239255707788672
179616,179,0.512339174747467,0.21777500212192535,0.506586492061615,0.21234366297721863,1.322638750076294,-0.7990553379058838,1.3418399095535278,-0.7152637839317322,0.07799065113067627,0.13532546162605286,0.010689369402825832,0.014824873767793179,0.8086642026901245,0.9087889790534973,0.8270973563194275,0.742035984992981,0.05390479415655136,0.14905419945716858,0.012662186287343502,0.008624319918453693,8.335922241210938,0.3629302978515625,0.057655668518755476,0.03221596708215754,0.5833602265885632,0.17467994328601377,0.530570066110892,-1.2221639080016775
179617,179,0.5260210037231445,0.21130582690238953,0.5204622745513916,0.20609501004219055,1.3714320659637451,-0.5658926367759705,1.3913698196411133,-0.5774382948875427,0.06898488104343414,0.11969020217657089,0.01060559693723917,0.014232316054403782,0.8046351671218872,0.9125102758407593,0.8305781483650208,0.7407767176628113,0.04775136336684227,0.13031069934368134,0.012529614381492138,0.008511671796441078,7.341747283935547,0.5986189842224121,0.0373917114793806,0.01467299716805276,0.5880319263392185,0.16247999430558743,0.46577309437097664,-1.2199471087084592
179618,179,0.5394392013549805,0.20630061626434326,0.5341931581497192,0.20087093114852905,1.3210915327072144,-0.4459042549133301,1.3585463762283325,-0.46533703804016113,0.06074237823486328,0.10270336270332336,0.010531889274716377,0.013744763098657131,0.8008816838264465,0.9161201119422913,0.8338189125061035,0.7395771145820618,0.04230367764830589,0.11292976886034012,0.012089959345757961,0.007967987097799778,6.324911117553711,-4.071404933929443,-0.010263791498884622,-0.00936082320780296,0.5926896572829291,0.1502805232185014,0.46577309437097664,-1.2199471087084592
179619,179,0.5518887042999268,0.20136740803718567,0.5471532344818115,0.19639213383197784,1.2106472253799438,-0.5000491142272949,1.268377423286438,-0.41158464550971985,0.05379115045070648,0.08884019404649734,0.01888495869934559,0.03967714682221413,0.7974075078964233,0.9196861386299133,0.8362166881561279,0.737030565738678,0.03748834505677223,0.09745104610919952,0.018968164920806885,0.023701487109065056,5.003633499145508,-4.966937065124512,-0.04385102598745354,-0.020102104771635265,0.5963921447051078,0.1381622080579328,0.35819917057324685,-1.2108078041667532
179620,179,0.5632414221763611,0.1959129422903061,0.5592583417892456,0.1922844499349594,1.0793861150741577,-0.5812996625900269,1.1650869846343994,-0.41020897030830383,0.04788597673177719,0.0773770809173584,0.020122230052947998,0.04977011680603027,0.7941352725028992,0.9230490922927856,0.8388589024543762,0.7350995540618896,0.03314320743083954,0.08450203388929367,0.020166395232081413,0.03051430732011795,6.82863712310791,-1.4119088649749756,-0.05158530227979412,-0.020308772508754735,0.59997413641084,0.12605413001626672,0.35819917057324685,-1.2108078041667598
179621,179,0.5740041136741638,0.1904638111591339,0.5706836581230164,0.18841400742530823,1.042999267578125,-0.5499235391616821,1.0932790040969849,-0.40067803859710693,0.042846836149692535,0.0678144320845604,0.019724303856492043,0.05342506244778633,0.7911556959152222,0.9263215065002441,0.8412864208221436,0.7333554029464722,0.0301583930850029,0.07450514286756516,0.01940840668976307,0.03249954804778099,4.314000606536865,-1.8193507194519043,-0.054114470713539475,-0.016928314814423223,0.6027771426567027,0.11405982014674518,0.25934164079556765,-1.1963699987838148
179622,179,0.5833883285522461,0.1844802349805832,0.5806795954704285,0.18385079503059387,0.8654190897941589,-0.626762330532074,0.9305378198623657,-0.4946153461933136,0.038521163165569305,0.05975984409451485,0.026224598288536072,0.07037124782800674,0.7887269258499146,0.9296680092811584,0.8428517580032349,0.730881929397583,0.027834346517920494,0.06641092151403427,0.02419276349246502,0.041630569845438004,3.4762048721313477,-3.346285820007324,-0.07361738076112934,-0.027181508961902662,0.6053705590646583,0.10209612015890618,0.25934164079551475,-1.1963699987838148
179623,179,0.5909609794616699,0.1775229424238205,0.5889532566070557,0.17823277413845062,0.6733935475349426,-0.7497056126594543,0.7465602159500122,-0.6153793334960938,0.034810468554496765,0.0529637336730957,0.024791445583105087,0.07472940534353256,0.786745011806488,0.9331203699111938,0.8445941209793091,0.728635311126709,0.02524399384856224,0.059380870312452316,0.023158039897680283,0.04425004869699478,6.949317455291748,-1.9855749607086182,-0.07566448346982811,-0.014887289872376377,0.607343815286365,0.09026820358716096,0.16920050503783327,-1.1766336925598029
179624,179,0.5976111888885498,0.16998617351055145,0.5958387851715088,0.17164115607738495,0.6278095245361328,-0.7844379544258118,0.6116343140602112,-0.7293431162834167,0.03161212429404259,0.04718692973256111,0.02293037436902523,0.07388853281736374,0.785147488117218,0.9367324113845825,0.8460109829902649,0.7263920307159424,0.02378774993121624,0.05370263755321503,0.0208299420773983,0.0431528240442276,2.6390838623046875,-0.9698605537414551,-0.06882150140363562,0.0025167465659172716,0.6090358203367437,0.07850186666156354,0.16920050503788614,-1.1766336925598029
179625,179,0.602577269077301,0.16162630915641785,0.6008251905441284,0.1632527858018875,0.40268775820732117,-0.8689019083976746,0.41616982221603394,-0.9169182181358337,0.028846092522144318,0.04224982485175133,0.02131020650267601,0.07388141006231308,0.7842447757720947,0.9404036998748779,0.8469429612159729,0.7240299582481384,0.02260410226881504,0.04834749549627304,0.018751755356788635,0.04273463413119316,2.017037868499756,1.199355125427246,-0.07383845168894773,-0.0012668367626400001,0.6102490576864552,0.06688273139432388,0.08777576330025526,-1.1515988854946375
179626,179,0.6056374907493591,0.15299499034881592,0.6041708588600159,0.15353897213935852,0.21545559167861938,-0.8707529306411743,0.2527869939804077,-1.0208516120910645,0.02829121984541416,0.03801238536834717,0.01989736594259739,0.07327299565076828,0.7837509512901306,0.9439569711685181,0.847453236579895,0.7217021584510803,0.022557374089956284,0.04357932135462761,0.017034295946359634,0.04218247905373573,3.544166088104248,2.567110061645508,-0.06960629892713607,0.024495774000027802,0.6111268153194579,0.05536674253937679,0.08777576330025526,-1.1515988854946277
179627,179,0.6071516275405884,0.1444759964942932,0.6058634519577026,0.14314207434654236,0.08159495145082474,-0.857347309589386,0.08269292116165161,-1.0556144714355469,0.044924162328243256,0.034365031868219376,0.01866437867283821,0.07635286450386047,0.7819768190383911,0.9475741386413574,0.847542405128479,0.7190671563148499,0.034619156271219254,0.040284834802150726,0.0155078936368227,0.042688775807619095,4.785597324371338,-0.7278120517730713,-0.07698186416272862,0.047626300378969214,0.6116497649493343,0.04399877658337063,0.015067415582674975,-1.121265577588303
179628,179,0.6072410941123962,0.1350741684436798,0.6055430769920349,0.1326436698436737,-0.03680447116494179,-0.9943229556083679,-0.11147406697273254,-1.0264688730239868,0.06194421276450157,0.031221242621541023,0.01758870668709278,0.08480481803417206,0.7803153991699219,0.9515359997749329,0.8474109768867493,0.7158591151237488,0.04795074090361595,0.03768290579319,0.01446309220045805,0.04585068300366402,6.610255241394043,-2.487010955810547,-0.08661382867695241,0.065071447373625,0.6118004391051611,0.032786120807488175,0.015067415582674975,-1.121265577588303
179629,179,0.6067032814025879,0.12427900731563568,0.6037559509277344,0.12256892025470734,-0.06834734231233597,-1.1469701528549194,-0.22269831597805023,-0.9988070130348206,0.0789375975728035,0.028507350012660027,0.016650300472974777,0.08289482444524765,0.7788137793540955,0.9558233618736267,0.8472198843955994,0.7126520276069641,0.06105341762304306,0.035107728093862534,0.0136219197884202,0.04437745362520218,6.534419059753418,-0.1252138614654541,-0.07167989207444439,0.08254644850787707,0.6117028321673629,0.02171171216944745,-0.04892453811485471,-1.0856337688408215
179630,179,0.6059989929199219,0.11257035285234451,0.6015303730964661,0.11260906606912613,-0.08164295554161072,-1.2033824920654297,-0.21946416795253754,-1.012691855430603,0.085929274559021,0.026154037564992905,0.015829214826226234,0.07830686122179031,0.7780537009239197,0.960111141204834,0.8471145629882812,0.7095548510551453,0.06778039038181305,0.03223847597837448,0.013159086927771568,0.04192671179771423,8.775262832641602,3.0344438552856445,-0.05117363826488322,0.0874652199449787,0.6112135867862145,0.010855374481038486,-0.048924538114801845,-1.0856337688408224
179631,179,0.605678141117096,0.10102791339159012,0.5999231338500977,0.10235076397657394,-0.017781386151909828,-1.1380338668823242,-0.12884962558746338,-1.0742206573486328,0.08896797895431519,0.024112869054079056,0.015111379325389862,0.07326160371303558,0.7776523232460022,0.9642136096954346,0.84714674949646,0.7065967321395874,0.0705217570066452,0.02979389578104019,0.012760387733578682,0.03891636058688164,10.007316589355469,2.8072381019592285,-0.04302047391711486,0.08966259741833574,0.6105651544329016,0.00011691116768985498,-0.10420009779233382,-1.0447034592521818
179632,179,0.6058102250099182,0.08980660885572433,0.5991113185882568,0.09098297357559204,0.035826411098241806,-1.1108478307724,-0.03969893977046013,-1.188312292098999,0.08746024966239929,0.0223374105989933,0.014482695609331131,0.0703689455986023,0.7775038480758667,0.9681828022003174,0.8473202586174011,0.7036304473876953,0.06986364722251892,0.027703631669282913,0.012419055216014385,0.03683717921376228,9.7901611328125,2.537107467651367,-0.05285911869444282,0.07871796390644353,0.6095231534549783,-0.010330123424831429,-0.10420009779233382,-1.0447034592521813
179633,179,0.6064096689224243,0.0787617415189743,0.5992000699043274,0.07865545898675919,0.07880052924156189,-1.1021144390106201,0.048389654606580734,-1.263920545578003,0.08464854210615158,0.020795535296201706,0.013933387584984303,0.068548284471035,0.7775163650512695,0.9721853137016296,0.8474741578102112,0.7005153298377991,0.06839585304260254,0.02631191350519657,0.011812468990683556,0.03495268151164055,6.54052734375,0.6229639053344727,-0.057424612248299006,0.06820524133651058,0.6083936268383116,-0.020690253406756197,-0.15075926344976232,-0.9984746488223865
179634,179,0.6067994236946106,0.0672292485833168,0.5997295379638672,0.06570656597614288,0.030900590121746063,-1.1791679859161377,0.0707935094833374,-1.2847204208374023,0.08072403073310852,0.019452223554253578,0.013452310115098953,0.0671834796667099,0.7777038216590881,0.9762609004974365,0.8476581573486328,0.6972660422325134,0.06544406712055206,0.02492332085967064,0.011504421941936016,0.03367535397410393,7.471656799316406,1.231703758239746,-0.058803114143791635,0.057554577826632695,0.6068860342038138,-0.03067499989497955,-0.15075926344976232,-0.9984746488223865
179635,179,0.6073570251464844,0.055413149297237396,0.6006929278373718,0.05332791432738304,0.06664860993623734,-1.1948400735855103,0.10619232058525085,-1.2036349773406982,0.07785987854003906,0.018277522176504135,0.013029725290834904,0.06425440311431885,0.7778035402297974,0.9803771376609802,0.8478744626045227,0.6939904093742371,0.06273345649242401,0.02370372973382473,0.011167051270604134,0.03167875483632088,7.248425483703613,1.5761613845825195,-0.04621578666663875,0.06084919411013772,0.605345144475953,-0.04061440853875365,-0.1855364080125649,-0.9511215434480318
179636,179,0.6080567836761475,0.04336078092455864,0.6017702221870422,0.041578106582164764,0.0718187466263771,-1.213165044784546,0.10682627558708191,-1.1550378799438477,0.07395421713590622,0.01725274696946144,0.0126595888286829,0.061071354895830154,0.7779213190078735,0.9844527244567871,0.848091185092926,0.6907377243041992,0.05991033464670181,0.0224395003169775,0.01082531176507473,0.029789257794618607,6.745765209197998,2.8836488723754883,-0.041281662319331835,0.05052178951204522,0.6034591241250814,-0.050083881914267506,-0.1886020350871931,-0.9469473375514328
179637,179,0.6087467074394226,0.03141762688755989,0.6028133630752563,0.030214691534638405,0.06359407305717468,-1.1804873943328857,0.09742613136768341,-1.1267937421798706,0.06976818293333054,0.016355566680431366,0.01233441662043333,0.05753869190812111,0.7781615257263184,0.9884610176086426,0.8482365608215332,0.6875118017196655,0.05700606852769852,0.021482933312654495,0.010455582290887833,0.02752147801220417,6.482293605804443,1.0197830200195312,-0.035425409369435695,0.04444503764941547,0.6015731037742095,-0.059553355289782485,-0.2014991934301282,-0.9217848711986492
179638,179,0.6091444492340088,0.01944771222770214,0.6035349369049072,0.018865862861275673,0.027660436928272247,-1.2000153064727783,0.05905932933092117,-1.134040117263794,0.06555983424186707,0.015572208911180496,0.012049616314470768,0.05463387817144394,0.7784832715988159,0.9923929572105408,0.8483865261077881,0.6843082904815674,0.05353843793272972,0.020437419414520264,0.010271589271724224,0.025830421596765518,7.814393043518066,1.7250299453735352,-0.036254411685830934,0.039764372449545025,0.599399318311142,-0.06846139646755321,-0.2177284127045204,-0.8901215254393259
179639,179,0.6095902919769287,0.0077132051810622215,0.6041231751441956,0.0076370215974748135,0.048817869275808334,-1.1570370197296143,0.0521443709731102,-1.1244721412658691,0.06196749582886696,0.01488557644188404,0.011799318715929985,0.05117195099592209,0.7788586020469666,0.9963126182556152,0.8483777642250061,0.6810844540596008,0.05130746588110924,0.01981375366449356,0.009751738049089909,0.023549236357212067,4.6865105628967285,-0.17977476119995117,-0.029124032532914484,0.039765917724618,0.5972220341840961,-0.07736261172194812,-0.2177284127045204,-0.8901215254393259
179640,179,0.6093260049819946,-0.004255210515111685,0.6041608452796936,-0.004017408471554518,-0.06161569058895111,-1.203150749206543,-0.017241137102246284,-1.1769394874572754,0.05765783041715622,0.01428533811122179,0.011579994112253189,0.04841449856758118,0.7795690298080444,1.00028395652771,0.8482058048248291,0.6777585744857788,0.048539772629737854,0.019274244084954262,0.009427672252058983,0.021639950573444366,5.654962062835693,-1.9422399997711182,-0.03066938660101981,0.03068903712471655,0.5948635118543563,-0.08571217053969585,-0.23813839630184996,-0.8279972124860627
179641,179,0.608452320098877,-0.016504140570759773,0.6036845445632935,-0.01592704840004444,-0.10691768676042557,-1.2402570247650146,-0.07350483536720276,-1.2007887363433838,0.055611610412597656,0.013759937137365341,0.011387615464627743,0.044382769614458084,0.7803189754486084,1.004394292831421,0.8479113578796387,0.6743068695068359,0.046742066740989685,0.018984487280249596,0.009130841121077538,0.01908137835562229,6.096067428588867,-3.8592123985290527,-0.018170178679843912,0.042682999626448136,0.5924821278913376,-0.09399214266455702,-0.23813839630184996,-0.8279972124860627
179642,179,0.6071166396141052,-0.02935939095914364,0.6025629043579102,-0.028206847608089447,-0.15063932538032532,-1.3161729574203491,-0.13925735652446747,-1.2484225034713745,0.054291773587465286,0.01329971943050623,0.011218797415494919,0.039849333465099335,0.7811319231987,1.0087051391601562,0.8474504947662354,0.6706509590148926,0.0461251437664032,0.01879957877099514,0.008753318339586258,0.016297554597258568,4.717674255371094,-4.304999351501465,-0.005308487947668056,0.04590973832486428,0.5900085998470853,-0.10174083111555463,-0.24983198587912894,-0.7605743986916399
179643,179,0.6051075458526611,-0.042976200580596924,0.6007316708564758,-0.041153017431497574,-0.23377841711044312,-1.3885854482650757,-0.21325983107089996,-1.3302792310714722,0.05367541313171387,0.014759467914700508,0.011070570908486843,0.035954784601926804,0.7820883989334106,1.0127426385879517,0.8468502759933472,0.6669419407844543,0.04591738060116768,0.02003488689661026,0.008466029539704323,0.014281387440860271,4.627997875213623,-1.4720654487609863,0.014978171070697488,0.04975057817729309,0.5875102799882936,-0.10934657510247245,-0.24983198587912894,-0.7605743986916464
179644,179,0.6025781631469727,-0.05653572827577591,0.5984055399894714,-0.05468280240893364,-0.2805716395378113,-1.3393770456314087,-0.2623956501483917,-1.3832063674926758,0.05965201556682587,0.03430677950382233,0.010940304957330227,0.03259594738483429,0.7826831936836243,1.0140997171401978,0.846013069152832,0.663250744342804,0.050699442625045776,0.038202278316020966,0.008018518798053265,0.012434694916009903,2.818264961242676,-1.3860857486724854,0.03739328769329278,0.06079970287707157,0.5849914773816897,-0.11645200517998869,-0.25280918143635733,-0.6878530840560638
179645,179,0.5991498231887817,-0.06978382170200348,0.5952745079994202,-0.0688285306096077,-0.38696354627609253,-1.2989139556884766,-0.3513984978199005,-1.4268131256103516,0.06608584523200989,0.040868375450372696,0.010826063342392445,0.029699008911848068,0.7834407687187195,1.0166480541229248,0.8449227213859558,0.6597166061401367,0.05677742511034012,0.04672437906265259,0.00768333300948143,0.01119186170399189,2.3929500579833984,-0.857168436050415,0.04203812485258476,0.06741897247223377,0.5824633855673261,-0.12333053602054894,-0.25280918143635733,-0.6878530840560572
179646,179,0.5948158502578735,-0.08231289684772491,0.5912924408912659,-0.08303014189004898,-0.4688372015953064,-1.2105755805969238,-0.44004693627357483,-1.4015306234359741,0.08158053457736969,0.047291599214076996,0.010725611820816994,0.027187801897525787,0.7837409377098083,1.0193445682525635,0.8436322808265686,0.6563738584518433,0.06867433339357376,0.053636159747838974,0.007423421833664179,0.009910465218126774,3.36733341217041,-2.87813663482666,0.04842595085866794,0.08486213069300123,0.5799690395505304,-0.1297503197178565,-0.24706998297353513,-0.6098332685793347
179647,179,0.5898215770721436,-0.09436614066362381,0.5863310098648071,-0.09657011926174164,-0.5143101215362549,-1.1927446126937866,-0.535162627696991,-1.2905027866363525,0.09690561145544052,0.04724810644984245,0.010637457482516766,0.025011714547872543,0.7839772701263428,1.0226985216140747,0.8423327803611755,0.6531432271003723,0.0810585767030716,0.054724354296922684,0.007428453769534826,0.008899728767573833,5.318970680236816,-2.8805696964263916,0.046965964403671984,0.10052337498248655,0.5774983397207946,-0.1358486524036502,-0.24706998297358798,-0.6098332685793347
179648,179,0.5849595665931702,-0.10601691156625748,0.5808126330375671,-0.10854101181030273,-0.469974160194397,-1.147584319114685,-0.5663192868232727,-1.126139521598816,0.10915540903806686,0.054664209485054016,0.010560025461018085,0.02312104031443596,0.7842996120452881,1.025217056274414,0.8411701321601868,0.6500833034515381,0.09128133952617645,0.060724157840013504,0.007547270972281694,0.008114580996334553,6.24340295791626,-1.6684186458587646,0.05607082300825278,0.11223807488291083,0.5750981814459674,-0.14154040171401944,-0.23261439049066232,-0.5265149522614461
179649,179,0.580655574798584,-0.11698950082063675,0.5753557682037354,-0.11901360750198364,-0.4021316468715668,-1.0549530982971191,-0.522553026676178,-0.9905260801315308,0.11014683544635773,0.06011362001299858,0.010492132976651192,0.02147929184138775,0.7852276563644409,1.0274490118026733,0.8401711583137512,0.6473267078399658,0.09459981322288513,0.0658440813422203,0.007660142611712217,0.00767929945141077,5.683984756469727,0.02725362777709961,0.061252248938019144,0.11041566324872287,0.5727720375410604,-0.14680555123663355,-0.2326143904907152,-0.5265149522614327
179650,179,0.5768865346908569,-0.12675094604492188,0.5705938339233398,-0.12833194434642792,-0.35754913091659546,-0.9071387052536011,-0.43352797627449036,-0.8844113349914551,0.1092277467250824,0.05992788448929787,0.010432370007038116,0.020045962184667587,0.7864733338356018,1.0298742055892944,0.8392598628997803,0.6450030207633972,0.09480641037225723,0.06594966351985931,0.007639980409294367,0.007405306678265333,4.358885288238525,0.5993962287902832,0.05876534294408814,0.10417239554531083,0.5705357981603627,-0.1517268781533339,-0.20944240398784464,-0.43789813510238434
179651,179,0.5733012557029724,-0.13503757119178772,0.5666252970695496,-0.13669976592063904,-0.3537144660949707,-0.7561722993850708,-0.3649258315563202,-0.7885751724243164,0.10791067034006119,0.05811590701341629,0.010379781015217304,0.01879381760954857,0.7877304553985596,1.032064437866211,0.8385248184204102,0.6432784795761108,0.09301842749118805,0.06290548294782639,0.007909392938017845,0.007704509887844324,6.524417400360107,3.1563687324523926,0.04677101346489354,0.1006653470763553,0.5684413741204845,-0.15610585950435812,-0.20944240398784464,-0.43789813510239756
179652,179,0.5704423189163208,-0.14112070202827454,0.5636192560195923,-0.14356820285320282,-0.2536555826663971,-0.5128275752067566,-0.26778337359428406,-0.6165092587471008,0.10717590153217316,0.05454248562455177,0.010333633981645107,0.017702149227261543,0.7886865139007568,1.0339912176132202,0.8380200862884521,0.6420083045959473,0.09104406088590622,0.059280723333358765,0.008148977532982826,0.007135879714041948,9.356061935424805,-1.0846757888793945,0.031978733749161506,0.10311827724172556,0.5664387847860759,-0.16021437602066146,-0.17755402346492352,-0.3439828171021894
179653,179,0.568500280380249,-0.14596399664878845,0.5612897276878357,-0.1489126831293106,-0.14384710788726807,-0.4481172561645508,-0.19007280468940735,-0.4548783004283905,0.10457916557788849,0.04852871596813202,0.010293137282133102,0.0167495496571064,0.7893194556236267,1.0359382629394531,0.8378646373748779,0.6409869194030762,0.08755911886692047,0.05323120579123497,0.008510657586157322,0.00698731979355216,10.527542114257812,-0.1397871971130371,0.00031296041007643216,0.09016065634414736,0.5646632445514271,-0.16365420419168317,-0.17755402346487065,-0.3439828171021762
179654,179,0.5679092407226562,-0.14976659417152405,0.5601598024368286,-0.15245753526687622,0.0020820870995521545,-0.33089005947113037,-0.04885026440024376,-0.28085973858833313,0.09995534271001816,0.043395496904850006,0.010257549583911896,0.01591649278998375,0.7897899746894836,1.0377923250198364,0.8378261923789978,0.6400494575500488,0.08405449986457825,0.047910090535879135,0.008482255972921848,0.006467641331255436,6.981878280639648,-3.6081206798553467,-0.006632504936620348,0.07406432104820901,0.5629640364154687,-0.16690752230085934,-0.13694924892189891,-0.2447689982608348
179655,179,0.5676653385162354,-0.15345226228237152,0.5598518252372742,-0.15504617989063263,-0.011012163944542408,-0.36472687125205994,0.009228738024830818,-0.21443738043308258,0.09254910051822662,0.03899545595049858,0.010226264595985413,0.021134190261363983,0.7904787659645081,1.0395723581314087,0.8378022313117981,0.6388385891914368,0.07898984849452972,0.04350714385509491,0.008426484651863575,0.008561388589441776,5.321075916290283,-5.4170823097229,-0.021898541722617466,0.05049174220100578,0.5615945439262499,-0.16935521228346753,-0.13694924892189891,-0.2447689982608348
179656,179,0.5674135684967041,-0.1573893129825592,0.5600879788398743,-0.1569567322731018,-0.021267477422952652,-0.4028071165084839,0.042395781725645065,-0.16253723204135895,0.08631360530853271,0.03522486612200737,0.010198848322033882,0.02031082659959793,0.7911379337310791,1.0412744283676147,0.8379395604133606,0.6377953886985779,0.0725833848118782,0.03962446004152298,0.008726898580789566,0.008308932185173035,9.647809982299805,-6.115267276763916,-0.014528320758352482,0.05014355489225834,0.5602684481409015,-0.17171094397878806,-0.09162356755901664,-0.1487231778061178
179657,179,0.5678993463516235,-0.1612653136253357,0.5609115958213806,-0.15853050351142883,0.10179511457681656,-0.37974652647972107,0.10963623225688934,-0.1909991353750229,0.08107161521911621,0.03196881711483002,0.010174723342061043,0.019027436152100563,0.7913720607757568,1.042790412902832,0.8382924199104309,0.6369372606277466,0.06697352975606918,0.03584172576665878,0.008842773735523224,0.007980112917721272,8.089327812194824,-2.4698567390441895,-0.004061800096719907,0.05027240232271715,0.5593921673373128,-0.17311351076457113,-0.08762808035882373,-0.1402566785783073
179658,179,0.5691900849342346,-0.16445758938789368,0.5623234510421753,-0.1610223650932312,0.14505939185619354,-0.2814009487628937,0.16042116284370422,-0.3050924837589264,0.07359091937541962,0.02915518917143345,0.010153530165553093,0.017907431349158287,0.7914217114448547,1.043933629989624,0.8388932943344116,0.6363776922225952,0.06019291281700134,0.03247483819723129,0.009233794175088406,0.007733760867267847,12.097246170043945,-1.8448913097381592,-0.0028390361655481963,0.028901227009377514,0.5585158865337241,-0.17451607755035436,0.22139257817836247,-0.09165460465575853
179659,179,0.5715542435646057,-0.16660340130329132,0.5644895434379578,-0.16416917741298676,0.284778356552124,-0.18213358521461487,0.2496127188205719,-0.3321263790130615,0.06768380105495453,0.026717735454440117,0.01013490092009306,0.017182309180498123,0.7909612655639648,1.0447423458099365,0.839853048324585,0.6360670328140259,0.053563192486763,0.02952621318399906,0.009660678915679455,0.0076530855149030685,14.43596076965332,-0.5543220043182373,-0.012050140550961534,0.03177435212401732,0.5645345636821294,-0.17483422086211475,0.6102506424418167,-0.03049588318328916
179660,179,0.5753206610679626,-0.1678011119365692,0.5677231550216675,-0.1672707200050354,0.4392973780632019,-0.08157385885715485,0.38031286001205444,-0.2975674569606781,0.060799721628427505,0.02460121363401413,0.010118518956005573,0.0226207934319973,0.790088951587677,1.0453158617019653,0.8410313725471497,0.6357076168060303,0.04760798066854477,0.027238879352808,0.00982749555259943,0.010059111751616001,12.301815032958984,-1.2112462520599365,-0.023429254483887284,0.018274859538561755,0.5706370701065481,-0.1751391796939478,0.6102506424417637,-0.03049588318328916
179661,179,0.5799018740653992,-0.16856683790683746,0.5719972252845764,-0.17007631063461304,0.483108252286911,-0.0691995620727539,0.47549131512641907,-0.23676609992980957,0.05384356155991554,0.022763794288039207,0.010104137472808361,0.03311224281787872,0.7890917062759399,1.0457960367202759,0.8423137068748474,0.6351767778396606,0.041819311678409576,0.025469046086072922,0.00988075416535139,0.01460480410605669,11.143465042114258,-1.7951631546020508,-0.034821197245573844,-0.002460090093527975,0.5756219267503669,-0.1744246468818071,0.4843874781065452,0.08431328740960922
179662,179,0.5848566889762878,-0.16938935220241547,0.5771151185035706,-0.17168480157852173,0.5107117295265198,-0.0909256860613823,0.5436920523643494,-0.08631236851215363,0.047925010323524475,0.02116309478878975,0.010091488249599934,0.03349783644080162,0.7879219055175781,1.046240210533142,0.8436660170555115,0.6349509358406067,0.036649469286203384,0.023811284452676773,0.009938132017850876,0.015037107281386852,10.242743492126465,0.01883983612060547,-0.0335599175965227,-0.008495119110505461,0.5804658015314326,-0.17358151400771096,0.4843874781065981,0.08431328740960922
179663,179,0.5901160836219788,-0.17007006704807281,0.5828554034233093,-0.17171990871429443,0.5346512198448181,-0.0483708381652832,0.5893079042434692,0.05440397560596466,0.04287920892238617,0.01976996660232544,0.01419178955256939,0.03241897374391556,0.7865808606147766,1.0466498136520386,0.8447741866111755,0.6348167061805725,0.03231370449066162,0.022549588233232498,0.013411839492619038,0.014507494866847992,11.289010047912598,-2.2891664505004883,-0.025129666117025898,-0.014780678987671991,0.5843531328578926,-0.17179431226209094,0.362996864393302,0.20412080807174518
179664,179,0.5955303311347961,-0.17074821889400482,0.5887508392333984,-0.17081204056739807,0.5491570234298706,-0.07282698899507523,0.591975212097168,0.12282735854387283,0.03855706751346588,0.018555328249931335,0.02068796381354332,0.03160177171230316,0.7851423621177673,1.0470741987228394,0.8456876277923584,0.6346341371536255,0.02888238988816738,0.021361403167247772,0.018825670704245567,0.014127321541309357,9.631244659423828,-2.196173667907715,-0.026062708191356445,-0.02167311418133508,0.5879831015018259,-0.16975310418137313,0.36299686439324913,0.20412080807174518
179665,179,0.600752592086792,-0.17152266204357147,0.5945276021957397,-0.1696072816848755,0.5034564733505249,-0.07000488042831421,0.5664900541305542,0.10375673323869705,0.03484076261520386,0.017494874075055122,0.02796119637787342,0.029495634138584137,0.7837494015693665,1.0473995208740234,0.8464712500572205,0.6345710754394531,0.02599947340786457,0.02015872113406658,0.024953782558441162,0.013377205468714237,10.0431489944458,-2.1065473556518555,-0.015160367471871961,-0.029120739780954863,0.5908086879159012,-0.16685324670172014,0.24607880130192833,0.32892667880310555
179666,179,0.6056647896766663,-0.1719544231891632,0.6000460386276245,-0.16898086667060852,0.4750838875770569,-0.021166808903217316,0.5334887504577637,0.021075334399938583,0.0316365547478199,0.016568370163440704,0.027958277612924576,0.027013031765818596,0.7824777960777283,1.0476653575897217,0.8475579619407654,0.634562075138092,0.023742934688925743,0.019311318174004555,0.025086969137191772,0.012197145260870457,10.102229118347168,-3.979750871658325,-0.007297090239093366,-0.027938265470164883,0.5932694759289199,-0.16356397991368923,0.24607880130187548,0.32892667880310555
179667,179,0.610082745552063,-0.1723431646823883,0.6049793362617493,-0.16933485865592957,0.42298707365989685,-0.041868455708026886,0.4670758545398712,-0.06855550408363342,0.028867676854133606,0.015758473426103592,0.029813356697559357,0.02486012876033783,0.781377911567688,1.0480680465698242,0.8484385013580322,0.634364902973175,0.021750614047050476,0.018949665129184723,0.026430219411849976,0.010861408896744251,10.565462112426758,-7.254745960235596,-0.005405419782399851,-0.030119442807380478,0.595069097835587,-0.15951147989944908,0.1336332888324772,0.45873089960370345
179668,179,0.6139687299728394,-0.17346592247486115,0.6091693639755249,-0.17054465413093567,0.36979371309280396,-0.15492159128189087,0.38992947340011597,-0.15119780600070953,0.026469118893146515,0.015049848705530167,0.02967640571296215,0.02298944815993309,0.7805747985839844,1.0488417148590088,0.8491408228874207,0.6337510943412781,0.02063191495835781,0.018951840698719025,0.02573179081082344,0.00946341548115015,6.4913129806518555,-9.184478759765625,0.008000308092427095,-0.028741712990513597,0.5964054307239117,-0.1549241709034112,0.1336332888324772,0.45873089960370345
179669,179,0.6165719032287598,-0.17606209218502045,0.6123244762420654,-0.17279590666294098,0.19788318872451782,-0.320730596780777,0.27194762229919434,-0.2675807476043701,0.024388445541262627,0.034900862723588943,0.029366716742515564,0.02136237733066082,0.7802407145500183,1.0473569631576538,0.8495680093765259,0.6327230930328369,0.019449878484010696,0.035872865468263626,0.025117458775639534,0.00832311436533928,6.972384452819824,-9.771794319152832,0.0381697903306315,-0.027250879367429086,0.5972148685281453,-0.14967904155402995,0.02566032698489561,0.593533470473539
179670,179,0.6180636882781982,-0.17980657517910004,0.6145453453063965,-0.17595697939395905,0.10449656844139099,-0.4142760932445526,0.17154155671596527,-0.3643527030944824,0.022578053176403046,0.07331019639968872,0.026900064200162888,0.019943416118621826,0.780162513256073,1.04399836063385,0.8499216437339783,0.631636917591095,0.01834149844944477,0.06699281185865402,0.022907035425305367,0.007911412976682186,6.2195587158203125,-3.940659761428833,0.08075051769196764,-0.00653944931294384,0.5974714717979945,-0.14374370684929488,0.025660326984948478,0.5935334704735258
179671,179,0.618812084197998,-0.18312177062034607,0.615915060043335,-0.17971806228160858,0.029327403753995895,-0.28599777817726135,0.0814247727394104,-0.4016706347465515,0.021003466099500656,0.10781095176935196,0.02476179599761963,0.018706783652305603,0.7803668975830078,1.0409176349639893,0.8500597476959229,0.6307748556137085,0.017429301515221596,0.0970926433801651,0.0208420529961586,0.00753216166049242,8.186843872070312,-5.527470111846924,0.11607761139614252,0.0037802981967310287,0.5973265059047702,-0.137265961364219,-0.07784008424071062,0.7333343914125989
179672,179,0.6187586784362793,-0.18564309179782867,0.6160134077072144,-0.18381957709789276,-0.036808885633945465,-0.21694301068782806,-0.054068438708782196,-0.4077007472515106,0.019825106486678123,0.11683018505573273,0.022903673350811005,0.01762719638645649,0.7807177901268005,1.0395900011062622,0.8500768542289734,0.6301367878913879,0.016560964286327362,0.11218876391649246,0.019167430698871613,0.007295662071555853,9.934957504272461,-7.077213287353516,0.11919672591020075,0.011556799792713977,0.5965481050623632,-0.12993261745009166,-0.07784008424071062,0.7333343914125989
179673,179,0.6182865500450134,-0.18753650784492493,0.6149153113365173,-0.187690868973732,-0.06083190068602562,-0.16090308129787445,-0.15204927325248718,-0.3625732362270355,0.01972128637135029,0.12768442928791046,0.021286696195602417,0.016683930531144142,0.7811627984046936,1.0388323068618774,0.8498795628547668,0.6296616792678833,0.0168452188372612,0.12262288480997086,0.017392665147781372,0.006942181847989559,7.157354354858398,-7.482590675354004,0.1306510664397816,0.018991393101735934,0.5954845158766561,-0.12218226902876694,-0.1768679448443415,0.8781336624208899
179674,179,0.6169207096099854,-0.1890951246023178,0.6128972172737122,-0.19090324640274048,-0.18270349502563477,-0.13619281351566315,-0.22521331906318665,-0.25361597537994385,0.019695021212100983,0.14116567373275757,0.019878167659044266,0.01585937850177288,0.7818676829338074,1.0378378629684448,0.8495063185691833,0.6294453740119934,0.017059022560715675,0.13277727365493774,0.016045276075601578,0.006957226432859898,8.249349594116211,-4.834765434265137,0.14507729388270524,0.01951032897285669,0.5937158364282126,-0.11340093240455851,-0.1768679448443415,0.8781336624208832
179675,179,0.6149747371673584,-0.18959474563598633,0.6106395721435547,-0.19221879541873932,-0.2214481234550476,0.007899930700659752,-0.24247083067893982,-0.03866375610232353,0.033841244876384735,0.15885035693645477,0.018649619072675705,0.015137981623411179,0.7812275290489197,1.0362800359725952,0.848909854888916,0.629619836807251,0.027603937312960625,0.14473211765289307,0.014691589400172234,0.007066598627716303,7.097749710083008,-3.495018482208252,0.16430900615353106,0.03612685874232606,0.5917694043549984,-0.10433799424643149,-0.27142325482615565,1.0279312834984118
179676,179,0.6123217344284058,-0.18866579234600067,0.6079522967338562,-0.1915615051984787,-0.2969617247581482,0.17122144997119904,-0.29282310605049133,0.15666291117668152,0.03899002820253372,0.16437150537967682,0.017577407881617546,0.014506691135466099,0.7816141843795776,1.034848690032959,0.8480715155601501,0.6301999688148499,0.033446941524744034,0.15158165991306305,0.013519993983209133,0.00719213392585516,5.912227630615234,-5.003518104553223,0.16616368354287758,0.03988364148825776,0.5890551718067375,-0.09405868141144788,-0.2714232548261028,1.0279312834984118
179677,179,0.6087843179702759,-0.18635953962802887,0.6045501828193665,-0.18916042149066925,-0.39122918248176575,0.2943112552165985,-0.3732506036758423,0.32153815031051636,0.04861300811171532,0.16409243643283844,0.016641266644001007,0.01395422499626875,0.7820855379104614,1.0336779356002808,0.8469844460487366,0.6312209367752075,0.041725534945726395,0.15178409218788147,0.012339837849140167,0.007510004099458456,3.5492730140686035,-3.829483985900879,0.1627390309758955,0.05040849690658699,0.5862616772509911,-0.08364316671596325,-0.3542084475940293,1.1701872978806314
179678,179,0.6041979789733887,-0.18252721428871155,0.6003441214561462,-0.1850987821817398,-0.5029253363609314,0.4695895314216614,-0.4567827880382538,0.4880707859992981,0.061402782797813416,0.1652364879846573,0.01582184247672558,0.013469655998051167,0.7826412916183472,1.032273769378662,0.8455473184585571,0.632752537727356,0.05314275622367859,0.1497252881526947,0.011207369156181812,0.007883135229349136,1.3314056396484375,-3.4071171283721924,0.1656084727552145,0.06387057418044813,0.5826466171091319,-0.07181589416951215,-0.3615060141859945,1.1827272546451713
179679,179,0.5983211994171143,-0.17696711421012878,0.5951005220413208,-0.1794452667236328,-0.6398299336433411,0.6409609317779541,-0.5745535492897034,0.6432691216468811,0.07851575314998627,0.1639544516801834,0.015104766935110092,0.013044849038124084,0.7831568121910095,1.0304784774780273,0.8439254760742188,0.6348474621772766,0.06712367385625839,0.14594939351081848,0.0105667095631361,0.008193504065275192,3.9658021926879883,-3.183605670928955,0.15775739759203847,0.08206422653225558,0.5790315569672722,-0.05998862162305963,-0.3994142097181926,1.2534841709393147
179680,179,0.5919585227966309,-0.16944986581802368,0.5889109969139099,-0.1719590127468109,-0.6434646248817444,0.8328578472137451,-0.6673167943954468,0.8275434970855713,0.09965380281209946,0.16163936257362366,0.014478891156613827,0.012673476710915565,0.7834334969520569,1.0283294916152954,0.8422453999519348,0.6373615860939026,0.08389912545681,0.14167863130569458,0.010016039945185184,0.00843763817101717,4.275655746459961,-4.317681789398193,0.15035122014918822,0.10495670737239224,0.5745706782465906,-0.046582600377506236,-0.447116222923858,1.3425215758611548
179681,179,0.5854854583740234,-0.16051240265369415,0.5817748308181763,-0.16292361915111542,-0.6431732773780823,0.9547316431999207,-0.7428988814353943,0.9778569340705872,0.10697683691978455,0.15731137990951538,0.013929776847362518,0.012347212992608547,0.7845866680145264,1.0259146690368652,0.8405245542526245,0.6402270793914795,0.09411120414733887,0.13616299629211426,0.009473630227148533,0.00878787413239479,2.0502471923828125,-3.4272050857543945,0.1361084671908203,0.10884775970505539,0.5700995160173513,-0.03315738461889216,-0.447116222923858,1.3425215758611548
179682,179,0.5787887573242188,-0.15028321743011475,0.5741773843765259,-0.15245772898197174,-0.6829239726066589,1.0861918926239014,-0.7616183757781982,1.1110517978668213,0.11014533787965775,0.15314613282680511,0.013448265381157398,0.012060770764946938,0.7864247560501099,1.0230553150177002,0.8388662338256836,0.6436724066734314,0.09847331047058105,0.12881654500961304,0.009195050224661827,0.009426651522517204,3.062918186187744,0.43207645416259766,0.1325744526920414,0.11095532470576087,0.5649078611303084,-0.018268829734183978,-0.5282538810399047,1.5073142471463747
179683,179,0.5722737312316895,-0.13791686296463013,0.5669582486152649,-0.14030228555202484,-0.6469559669494629,1.3351072072982788,-0.7066552639007568,1.2850351333618164,0.11752504110336304,0.1485154628753662,0.013025535270571709,0.011809037998318672,0.7880373001098633,1.019542932510376,0.8373255729675293,0.6478520631790161,0.10356997698545456,0.1204991564154625,0.009012692607939243,0.010099120438098907,4.592633247375488,2.9299521446228027,0.12548508037756287,0.11936298476877306,0.5596253223199097,-0.0031956872627191997,-0.5282538810398518,1.5073142471463747
179684,179,0.5662508606910706,-0.12301003932952881,0.560329258441925,-0.12629911303520203,-0.5825420618057251,1.5934460163116455,-0.6401672959327698,1.4858883619308472,0.11710866540670395,0.14039896428585052,0.012656490318477154,0.011589058674871922,0.7898561954498291,1.015487790107727,0.8359454274177551,0.652584433555603,0.10459454357624054,0.11217433959245682,0.008980116806924343,0.0105646513402462,6.594367027282715,1.134033203125,0.0991628999392733,0.11485383361718812,0.5537386716714797,0.013167383123319446,-0.6049189885339232,1.671013178378493
179685,179,0.5608841180801392,-0.10631672292947769,0.5542970299720764,-0.11035070568323135,-0.4956888258457184,1.7378109693527222,-0.5629606246948242,1.6999751329421997,0.11518951505422592,0.12856978178024292,0.012332738377153873,0.011395922861993313,0.7917226552963257,1.0112075805664062,0.8347625732421875,0.6577197313308716,0.10310020297765732,0.1017787978053093,0.008860060945153236,0.011027572676539421,5.279231071472168,1.9886183738708496,0.06707644596937476,0.10476788157808664,0.5476894817861397,0.02987751490710751,-0.6049189885339232,1.671013178378493
179686,179,0.5561468005180359,-0.08820191770792007,0.5491192936897278,-0.0923234075307846,-0.44736501574516296,1.8796498775482178,-0.4722827076911926,1.8969568014144897,0.11112899333238602,0.11622735857963562,0.012048117816448212,0.011226014234125614,0.7936201095581055,1.0066801309585571,0.8337016105651855,0.6631758213043213,0.09998199343681335,0.09085197746753693,0.008764497935771942,0.011318046599626541,5.41456937789917,-0.008234977722167969,0.05043454780912948,0.08898683935029081,0.5411436157812993,0.047538699481011915,-0.6771115454060722,1.8092500090681671
179687,179,0.5518767237663269,-0.06909601390361786,0.5447403192520142,-0.07259795069694519,-0.4012657403945923,1.9468286037445068,-0.40179938077926636,2.039180278778076,0.10591858625411987,0.1032705008983612,0.011798111721873283,0.011076678521931171,0.7954214811325073,1.0019127130508423,0.8329179883003235,0.6688681244850159,0.0943979024887085,0.07965174317359924,0.009003530256450176,0.011632955633103848,8.601851463317871,-0.46416163444519043,0.03219076366364365,0.077235186047478,0.5343725003272393,0.06563119957169267,-0.6771115454060722,1.8092500090681605
179688,179,0.5487534403800964,-0.04915205389261246,0.541389524936676,-0.0514775775372982,-0.2572818398475647,2.020573139190674,-0.2892425060272217,2.1525092124938965,0.09957654774188995,0.0914667472243309,0.011579280719161034,0.010945883579552174,0.7969421744346619,0.9969128370285034,0.8323878645896912,0.6746599674224854,0.08828113228082657,0.0697021558880806,0.009002510458230972,0.011737731285393238,7.994129657745361,-1.1000275611877441,0.024410649417683394,0.06402837584784954,0.5272031993709625,0.08435098077099039,-0.7448315516562987,1.9159326490930595
179689,179,0.5465301275253296,-0.028937993571162224,0.5389538407325745,-0.02980162762105465,-0.1865837275981903,2.025866746902466,-0.1978205144405365,2.1788971424102783,0.0896710529923439,0.08024711906909943,0.011386779136955738,0.010830776765942574,0.7984858155250549,0.9918093681335449,0.8320311307907104,0.6803785562515259,0.08017776906490326,0.060873277485370636,0.009053422138094902,0.011733580380678177,7.9225945472717285,-2.9160773754119873,0.014832949283706931,0.0332007553746148,0.5197548838543987,0.10351030726192463,-0.7448315516562987,1.9159326490930595
179690,179,0.5449516177177429,-0.008989163674414158,0.5373762249946594,-0.008136814460158348,-0.12431846559047699,1.9793533086776733,-0.1167394369840622,2.1582703590393066,0.07818584889173508,0.07101812958717346,0.011217902414500713,0.01072975154966116,0.7999919056892395,0.9864677786827087,0.831959068775177,0.6862375140190125,0.06957415491342545,0.052137136459350586,0.009211362339556217,0.012166958302259445,8.867347717285156,1.9555425643920898,0.01570216098542415,0.010838109257796508,0.5119979283516625,0.12303625156129333,-0.8080790072846027,1.9910610984531982
179691,179,0.5444591045379639,0.011658229865133762,0.5369864106178284,0.01331597100943327,-0.013178318738937378,2.1027603149414062,0.0003554709255695343,2.1026015281677246,0.06848616153001785,0.06464548408985138,0.01218945812433958,0.010641032829880714,0.801150918006897,0.9805688858032227,0.8319955468177795,0.6923119425773621,0.060093775391578674,0.04570478945970535,0.01014016568660736,0.012384653091430664,9.409523010253906,2.081146240234375,0.025641459419118107,-0.012326930162657686,0.5039171382788165,0.1429468625458266,-0.8080790072846027,1.9910610984531851
179692,179,0.5446559190750122,0.03297160938382149,0.5373432636260986,0.03386208415031433,0.04206407070159912,2.1474180221557617,0.06086285784840584,2.0163919925689697,0.06034472957253456,0.05710192397236824,0.04084773734211922,0.010563172399997711,0.8019095659255981,0.9743970036506653,0.8305356502532959,0.6985413432121277,0.05214749649167061,0.039432868361473083,0.03233486786484718,0.012738442979753017,8.104104995727539,4.881343841552734,0.009022335279810723,-0.04560760103734217,0.4956083086345943,0.1630265364199526,-0.8668539122909842,2.0346353571485243
179693,179,0.5450736284255981,0.054922763258218765,0.5381923913955688,0.053815100342035294,0.027698064222931862,2.2236971855163574,0.09321615099906921,1.9831444025039673,0.05345147103071213,0.050699084997177124,0.0676913857460022,0.010494713671505451,0.8024695515632629,0.9679315686225891,0.8292006254196167,0.7049093842506409,0.04605838283896446,0.03385070338845253,0.05368569493293762,0.01290676649659872,10.060140609741211,4.629759788513184,0.0033976529154128854,-0.07277898976460773,0.48693976951168344,0.18337288999144177,-0.8668539122909842,2.0346353571485243
179694,179,0.5453380346298218,0.0773092731833458,0.5391526222229004,0.07412337511777878,0.01598607562482357,2.239370107650757,0.08848217874765396,2.0860595703125,0.047614213079214096,0.04526543989777565,0.08610793948173523,0.010434762574732304,0.8030763268470764,0.9612858891487122,0.8282102942466736,0.7112604975700378,0.0416712649166584,0.029302867129445076,0.06796003878116608,0.013014552183449268,8.056135177612305,5.921773910522461,-0.008207967557209817,-0.09044852990133584,0.47811484613095173,0.20375385991500455,-0.9211562666754433,2.046655425179096
179695,179,0.5449020266532898,0.09968427568674088,0.5397144556045532,0.09564981609582901,-0.09484240412712097,2.237586736679077,0.022950151935219765,2.2157795429229736,0.04260636866092682,0.04059574007987976,0.10483477264642715,0.011339651420712471,0.8040109276771545,0.9544785022735596,0.8270247578620911,0.7175416350364685,0.038264114409685135,0.025300512090325356,0.08151890337467194,0.013769151642918587,8.257762908935547,5.855870246887207,-0.011460594404374858,-0.10917236437688572,0.4689032834641985,0.22422041416679456,-0.9211562666754433,2.046655425179109
179696,179,0.5433399677276611,0.1220620721578598,0.5394084453582764,0.11834152787923813,-0.21222372353076935,2.2372493743896484,-0.08151575922966003,2.3049652576446533,0.03832438588142395,0.0365966260433197,0.1105220764875412,0.012075808830559254,0.8054115772247314,0.9475842714309692,0.8260167241096497,0.7237553596496582,0.03556883707642555,0.022175144404172897,0.08568654954433441,0.014444065280258656,7.580740451812744,4.75956916809082,-0.012184109451495784,-0.11199262948358887,0.45959804675193267,0.24465024661447587,-0.9709860704379535,2.0271213025449013
179697,179,0.5403562784194946,0.14419236779212952,0.5377715826034546,0.1414749175310135,-0.3658364415168762,2.2014646530151367,-0.232692688703537,2.321159601211548,0.03463864326477051,0.03314986452460289,0.1121353805065155,0.01331222802400589,0.8072594404220581,0.9406337141990662,0.8249680399894714,0.7298752665519714,0.03289184719324112,0.019350582733750343,0.08647199720144272,0.015510021708905697,9.791479110717773,4.5075297355651855,-0.013489484249777084,-0.11255007076414575,0.4498881860475531,0.26492145963992625,-0.9709860704379535,2.0271213025449146
179698,179,0.5363825559616089,0.16617803275585175,0.5347311496734619,0.16473816335201263,-0.4353053569793701,2.1863505840301514,-0.3785021901130676,2.3148112297058105,0.03146959841251373,0.030182858929038048,0.11104326695203781,0.0129079669713974,0.8093869686126709,0.9336853623390198,0.8238118886947632,0.7359701991081238,0.030694855377078056,0.01705257035791874,0.08481498062610626,0.015280288644134998,9.109716415405273,4.505054950714111,-0.009110737353290987,-0.10504468096776123,0.4401384164087285,0.2851477210864079,-1.0126689515059053,1.9801716321007252
179699,179,0.5314447283744812,0.18781088292598724,0.5300402045249939,0.18752780556678772,-0.5442668795585632,2.1447668075561523,-0.549882173538208,2.242567777633667,0.028718288987874985,0.027604494243860245,0.11074797064065933,0.012552144005894661,0.8120347857475281,0.9268062710762024,0.8222283720970154,0.7418858408927917,0.029632775112986565,0.015112464316189289,0.08196251839399338,0.015007399953901768,4.436168670654297,5.157649517059326,-0.008519696783610975,-0.10913191665995779,0.429974983172944,0.3049080509788661,-1.0163433235785675,1.9760329892458999
179700,179,0.5245577096939087,0.208903506398201,0.5233959555625916,0.20917710661888123,-0.7841240763664246,2.0984442234039307,-0.7398792505264282,2.1144726276397705,0.02633761055767536,0.025371547788381577,0.10993455350399017,0.012240394949913025,0.8156058192253113,0.9200474619865417,0.8199763894081116,0.7476129531860352,0.02910752408206463,0.01360089797526598,0.0784258022904396,0.01465454138815403,1.1316418647766113,3.8929033279418945,-0.003290020908954361,-0.1054715631391412,0.41981154993715836,0.3246683808713266,-1.0344470675152253,1.9394388932179674
179701,179,0.5149447917938232,0.22932252287864685,0.5147770643234253,0.22945080697536469,-1.0849077701568604,2.0151193141937256,-0.9484249949455261,1.9752883911132812,0.02427292801439762,0.02343355305492878,0.10522013157606125,0.011967090889811516,0.8199631571769714,0.9132741689682007,0.8173205256462097,0.7533233165740967,0.02797204628586769,0.011769904755055904,0.0739884078502655,0.01467571035027504,4.237806797027588,6.514983177185059,0.0020549576571727846,-0.07915995520685358,0.4092441807515635,0.3436122127516528,-1.0572280260972593,1.8933904852821584
179702,179,0.5036065578460693,0.24988064169883728,0.5045405626296997,0.24908089637756348,-1.2019059658050537,2.0575082302093506,-1.128176212310791,1.928491234779358,0.022481556981801987,0.022282268851995468,0.09514778107404709,0.011727703735232353,0.8246925473213196,0.9063108563423157,0.8145799040794373,0.7590551972389221,0.026726333424448967,0.010593474842607975,0.06660611927509308,0.014593166299164295,6.776425838470459,7.478489875793457,0.014247942677979186,-0.03828658368612972,0.3986719004905897,0.3625461176044781,-1.0572280260972593,1.8933904852821848
179703,179,0.49131760001182556,0.2705588936805725,0.4921199083328247,0.2683161199092865,-1.2655894756317139,2.0563411712646484,-1.3604743480682373,1.916161298751831,0.020918354392051697,0.02074478752911091,0.08437731117010117,0.011517122387886047,0.8296788930892944,0.8994743824005127,0.8116990923881531,0.7645752429962158,0.025696657598018646,0.009832615964114666,0.05814068019390106,0.014198003336787224,7.171578407287598,5.542280673980713,0.005224778035484046,-0.02216822349838682,0.38777628469460734,0.38046596952631806,-1.093640177994002,1.7791937906536368
179704,179,0.4781988561153412,0.2904820144176483,0.4772247076034546,0.28742262721061707,-1.346335530281067,1.9444396495819092,-1.5805388689041138,1.9145532846450806,0.019555605947971344,0.01940428465604782,0.07396659255027771,0.011332226917147636,0.8350776433944702,0.8930145502090454,0.8084577918052673,0.7697431445121765,0.025350263342261314,0.009235833771526814,0.04917766526341438,0.01380703505128622,2.9384803771972656,5.383343696594238,0.002181189001839612,-0.012200139257723452,0.3768398829146673,0.3982579074328556,-1.0936401779940284,1.7791937906536368
179705,179,0.4635337293148041,0.3092085123062134,0.4607217311859131,0.30634546279907227,-1.5446747541427612,1.8331581354141235,-1.6697129011154175,1.8873845338821411,0.018370410427451134,0.018844813108444214,0.06497564166784286,0.011170384474098682,0.8411957025527954,0.8867895007133484,0.8045947551727295,0.7746464610099792,0.025338955223560333,0.008926181122660637,0.04109366983175278,0.01353364996612072,-0.19886016845703125,6.010632514953613,0.01489543928524395,0.0015221516258125956,0.36565180091327015,0.41490134587089567,-1.1255797792688487,1.6334429053603086
179706,179,0.4467383921146393,0.32708320021629333,0.4437260031700134,0.3248884677886963,-1.7820664644241333,1.759143352508545,-1.720253586769104,1.8307437896728516,0.033603668212890625,0.027905868366360664,0.05736372619867325,0.011027783155441284,0.8458346128463745,0.8795677423477173,0.8000363111495972,0.7794516086578369,0.04044046252965927,0.01469582412391901,0.03419950604438782,0.013528397306799889,-1.493971347808838,8.637922286987305,0.02924407399286011,0.03590893869687661,0.3543960031205803,0.43123577492450194,-1.1255797792688487,1.633442905360335
179707,179,0.42792218923568726,0.3448774814605713,0.42616793513298035,0.34299933910369873,-1.9571372270584106,1.7911350727081299,-1.7993500232696533,1.78678560256958,0.07264378666877747,0.03597761690616608,0.05092407390475273,0.010902736335992813,0.8483665585517883,0.872331976890564,0.7947575449943542,0.7841939330101013,0.07812841236591339,0.02070009708404541,0.028361624106764793,0.013410789892077446,-3.8739895820617676,7.237296104431152,0.03730471757350734,0.0801430908998266,0.3429512353187465,0.446396542484307,-1.1530468299217465,1.4628495935163963
179708,179,0.4072120785713196,0.3625045120716095,0.40723079442977905,0.3603701889514923,-2.12764048576355,1.7586946487426758,-1.9633313417434692,1.7153286933898926,0.11015994846820831,0.03500691056251526,0.04544129595160484,0.010792959481477737,0.8512998819351196,0.86594557762146,0.789185643196106,0.7889968752861023,0.11689072847366333,0.020678099244832993,0.024689970538020134,0.013534700497984886,-1.2129461765289307,8.035073280334473,0.02849734006451765,0.11904514601011681,0.3314207670195303,0.46102503841947,-1.1530468299217465,1.4628495935163697
179709,179,0.38636133074760437,0.3804118037223816,0.38698023557662964,0.3776662349700928,-2.051741361618042,1.7951678037643433,-2.1058225631713867,1.7262279987335205,0.14963693916797638,0.03405183181166649,0.04075394943356514,0.010696583427488804,0.8542245030403137,0.8597173690795898,0.7837132215499878,0.7937679886817932,0.1566406786441803,0.019939608871936798,0.02177939936518669,0.013460132293403149,-2.469971179962158,7.980690002441406,0.027626926731465606,0.1609603700550458,0.31975509382223255,0.47466225315573196,-1.1760413299527748,1.2942609115783388
179710,179,0.36621397733688354,0.39818018674850464,0.36498722434043884,0.3948272466659546,-1.9621779918670654,1.7676258087158203,-2.2553391456604004,1.7199478149414062,0.16204960644245148,0.03152240812778473,0.03674140200018883,0.01061213668435812,0.8586992621421814,0.8537643551826477,0.7784705758094788,0.7983957529067993,0.17915597558021545,0.018537813797593117,0.019311318174004555,0.013230359181761742,-3.484621047973633,6.963534355163574,0.014370449579225786,0.16618883747709398,0.30799468052270357,0.4876048622715178,-1.1760413299527748,1.2942609115783388
179711,179,0.3469121754169464,0.41542738676071167,0.3424724042415619,0.41186290979385376,-1.892733097076416,1.694819688796997,-2.189908504486084,1.6983842849731445,0.1664908081293106,0.028768591582775116,0.03327684476971626,0.010537787340581417,0.8642156720161438,0.8480631709098816,0.7735888361930847,0.8028558492660522,0.18749573826789856,0.01669176295399666,0.01754249818623066,0.013028162531554699,-0.9686505794525146,6.520287990570068,0.009321628435053464,0.16794604056028253,0.2961438823349199,0.4997673138261391,-1.1945632793618277,1.1343886236603054
179712,179,0.32882899045944214,0.432137668132782,0.3220549523830414,0.428840309381485,-1.7485284805297852,1.6377300024032593,-1.9124536514282227,1.679801106452942,0.16988882422447205,0.026424434036016464,0.03028210625052452,0.010472407564520836,0.8697164058685303,0.8425912261009216,0.7691664695739746,0.8070768713951111,0.19007444381713867,0.015285603702068329,0.0163082554936409,0.012644433416426182,1.1213064193725586,5.211763381958008,0.010349595137711554,0.17098736607681,0.28419824954130163,0.5111112000627431,-1.1945632793618277,1.1343886236603318
179713,179,0.31243234872817993,0.44797831773757935,0.30450549721717834,0.44531819224357605,-1.5537644624710083,1.5353885889053345,-1.6291395425796509,1.6104742288589478,0.16824831068515778,0.024348296225070953,0.027694132179021835,0.010415039025247097,0.8749127388000488,0.8374201059341431,0.7653946280479431,0.8110381960868835,0.1869279146194458,0.013968146406114101,0.015378096140921116,0.012444079853594303,3.4352970123291016,5.404171943664551,0.00880194343202223,0.16039014028940135,0.2721981067680047,0.5218686195878874,-1.2086126781489845,0.9832327297624018
179714,179,0.2984135150909424,0.462959349155426,0.28984102606773376,0.46101728081703186,-1.2888693809509277,1.4497621059417725,-1.3395099639892578,1.514589786529541,0.16319124400615692,0.023023605346679688,0.02545279823243618,0.01036469079554081,0.8796294927597046,0.8325225710868835,0.7623607516288757,0.814696729183197,0.17899750173091888,0.013317400589585304,0.014787958934903145,0.012129493989050388,5.263276100158691,4.189062118530273,0.013810963425326478,0.13875016010529348,0.26011197998651353,0.5317009468855132,-1.2086126781489845,0.9832327297624018
179715,179,0.2870723605155945,0.476826548576355,0.2780032157897949,0.47551265358924866,-1.005481481552124,1.3258376121520996,-1.0469582080841064,1.3821420669555664,0.15280888974666595,0.022280581295490265,0.023504918441176414,0.010320431552827358,0.8840480446815491,0.8280580043792725,0.7598562240600586,0.817950427532196,0.16786104440689087,0.013302715495228767,0.01383229624480009,0.011733580380678177,0.08702754974365234,4.826076030731201,0.017100384657375067,0.10181784640292733,0.24799827303268154,0.5411230655333379,-1.2181895263142055,0.8407932298844696
179716,179,0.2774258852005005,0.4892161190509796,0.26854443550109863,0.48822060227394104,-0.8967351317405701,1.1844244003295898,-0.8443711996078491,1.193232774734497,0.13692760467529297,0.025682102888822556,0.021810462698340416,0.010281546041369438,0.8886121511459351,0.8236632943153381,0.7576481103897095,0.8207899332046509,0.15220700204372406,0.01624300330877304,0.012947569601237774,0.011193929240107536,-1.686462163925171,2.7693796157836914,0.026224613466774988,0.05660306046259754,0.23581637776953956,0.5495309978321831,-1.2181895263142055,0.8407932298844696
179717,179,0.26881125569343567,0.5000350475311279,0.26076656579971313,0.4991041421890259,-0.8108659982681274,1.0142916440963745,-0.709459125995636,1.016011357307434,0.12049070000648499,0.03820286691188812,0.02033516764640808,0.010247386991977692,0.893216073513031,0.8187752366065979,0.7556878328323364,0.823279082775116,0.13414913415908813,0.02520783245563507,0.01210868265479803,0.010844905860722065,-2.9248201847076416,4.817056655883789,0.04033998069031544,0.03412505719905633,0.22362488704014505,0.557687546754851,-1.2232938238575042,0.7070701240266409
179718,179,0.2610357403755188,0.5097429752349854,0.2542172372341156,0.5084770321846008,-0.7504740357398987,0.9301281571388245,-0.6161991357803345,0.8658249378204346,0.10382422804832458,0.05635164678096771,0.019047558307647705,0.01021734718233347,0.8977563977241516,0.8136481046676636,0.75387042760849,0.8254686594009399,0.11587566137313843,0.038493432104587555,0.011322185397148132,0.010516280308365822,-2.2340214252471924,3.7824153900146484,0.059657903654813826,0.012859683577332234,0.21139194880157008,0.5647582479951174,-1.223293823857491,0.707070124026588
179719,179,0.25379884243011475,0.5184423327445984,0.24829846620559692,0.5164041519165039,-0.705863356590271,0.8228442072868347,-0.5752437114715576,0.7365905046463013,0.08978869765996933,0.0660349577665329,0.017925633117556572,0.010190993547439575,0.9020588994026184,0.8095986247062683,0.7521159052848816,0.8273734450340271,0.09975963830947876,0.047383569180965424,0.010513192974030972,0.010281862691044807,-2.2602474689483643,3.136887550354004,0.06802751165226831,-0.006352614079507449,0.1991584547015898,0.5717189583447878,-1.2238743932254685,0.5921901535381006
179720,179,0.24681159853935242,0.5260641574859619,0.24258628487586975,0.5232324600219727,-0.6945050358772278,0.710037887096405,-0.5699878931045532,0.642609715461731,0.07817347347736359,0.07715661823749542,0.02351280115544796,0.010167821310460567,0.9061315655708313,0.8061094880104065,0.749941885471344,0.8288847208023071,0.08689363300800323,0.05702061578631401,0.013715500943362713,0.009705690667033195,-3.267824649810791,0.20821332931518555,0.07954460254905696,-0.024386524345444263,0.18691919899380252,0.5775395924666752,-1.2239255707788672,0.5820634121888099
179721,179,0.23947368562221527,0.5320165753364563,0.2365611344575882,0.5289924740791321,-0.7548681497573853,0.5169385671615601,-0.6187708973884583,0.5324196815490723,0.06847336143255234,0.09093819558620453,0.036026570945978165,0.010147443041205406,0.9100058674812317,0.802955687046051,0.7473914623260498,0.8301063179969788,0.07592306286096573,0.0676160529255867,0.02153709903359413,0.009458309039473534,-2.0551466941833496,2.2135305404663086,0.09400909072072246,-0.03803692919152035,0.17467994328601377,0.5833602265885632,-1.2221639080016775,0.530570066110892
179722,179,0.23206430673599243,0.5369750261306763,0.23038485646247864,0.534043550491333,-0.7542452216148376,0.4603721797466278,-0.6387492418289185,0.4612717032432556,0.06032796576619148,0.1154199168086052,0.03962952643632889,0.01012954767793417,0.9137998819351196,0.7994867563247681,0.74508136510849,0.8309832215309143,0.06742975115776062,0.08475766330957413,0.02374965511262417,0.009072773158550262,-1.8492710590362549,-0.8533859252929688,0.12153285953132745,-0.04024640806241073,0.16247999430558596,0.5880319263392191,-1.2199471087084592,0.46577309437097664
179723,179,0.22414198517799377,0.5406583547592163,0.2234620898962021,0.5379267930984497,-0.8140243291854858,0.3146982491016388,-0.7279476523399353,0.3381117880344391,0.05343804135918617,0.1273343712091446,0.0497576966881752,0.010113817639648914,0.9176245331764221,0.7970218062400818,0.7423783540725708,0.8315195441246033,0.06023713946342468,0.09797096997499466,0.029499581083655357,0.008683218620717525,-1.578824520111084,-2.72135853767395,0.13053067056559245,-0.05155570735586609,0.1502805232185014,0.5926896572829291,-1.2199471087084592,0.46577309437097664
179724,179,0.2156694233417511,0.543022632598877,0.21563377976417542,0.5405973792076111,-0.8731635212898254,0.1806369423866272,-0.8267500996589661,0.21085670590400696,0.047584306448698044,0.14763133227825165,0.052240367978811264,0.010100002400577068,0.9214282631874084,0.7948143482208252,0.7398908138275146,0.831839382648468,0.05393088981509209,0.11259756982326508,0.031085683032870293,0.008497470989823341,0.09698629379272461,-2.0945286750793457,0.15353475354853502,-0.052700423967807025,0.13816220805793425,0.5963921447051074,-1.2108078041667532,0.35819917057324685
179725,179,0.2070184201002121,0.5445610284805298,0.20701554417610168,0.5422101616859436,-0.8737133145332336,0.12377680093050003,-0.9047834277153015,0.10760187357664108,0.042595233768224716,0.16989949345588684,0.052785687148571014,0.010087882168591022,0.9254056215286255,0.7926936149597168,0.7372164130210876,0.8319208025932312,0.049613770097494125,0.12970829010009766,0.03033742681145668,0.008282598108053207,-4.964621067047119,-1.8748199939727783,0.1772184073641699,-0.05289288342951545,0.12605413001626672,0.59997413641084,-1.2108078041667598,0.35819917057324685
179726,179,0.1970893144607544,0.5452563166618347,0.19716593623161316,0.5424185395240784,-1.0693330764770508,0.04956498369574547,-1.0280591249465942,-0.026300940662622452,0.03831253945827484,0.18444541096687317,0.05996021628379822,0.01007721945643425,0.9299387335777283,0.7911009192466736,0.7337210774421692,0.831881582736969,0.04638229310512543,0.14390864968299866,0.03287297859787941,0.008176298812031746,-7.688441276550293,-2.2672832012176514,0.189440971594533,-0.06135619969804165,0.11405982014674375,0.602777142656703,-1.1963699987838148,0.25934164079551475
179727,179,0.18505585193634033,0.5454557538032532,0.18620286881923676,0.5417124032974243,-1.3048608303070068,0.008545026183128357,-1.150192141532898,-0.0872717797756195,0.034631069749593735,0.1999179869890213,0.056944191455841064,0.01006785687059164,0.9351070523262024,0.789788007736206,0.7299960255622864,0.8318515419960022,0.04349345341324806,0.15589766204357147,0.03025486320257187,0.00823196955025196,-7.624473571777344,-1.4610910415649414,0.2055712854811038,-0.03798228798926859,0.10209612015890476,0.6053705590646585,-1.1963699987838148,0.25934164079551475
179728,179,0.17108461260795593,0.5456725358963013,0.173845112323761,0.5409403443336487,-1.4771852493286133,0.030398637056350708,-1.3304789066314697,-0.06416087597608566,0.03145468980073929,0.21195083856582642,0.05056991055607796,0.010059623047709465,0.9407487511634827,0.7885500192642212,0.726003885269165,0.8320325613021851,0.040707871317863464,0.164328932762146,0.025816814973950386,0.008590820245444775,-7.443395614624023,2.124958038330078,0.21650967849823466,-0.004137785976418201,0.09026820358716096,0.607343815286365,-1.1766336925598029,0.16920050503783327
179729,179,0.1557111293077469,0.5467747449874878,0.15943443775177002,0.5408667922019958,-1.6063268184661865,0.15455934405326843,-1.5585308074951172,0.033447761088609695,0.03053365834057331,0.2158942073583603,0.04514412209391594,0.010052393190562725,0.9466356039047241,0.7874427437782288,0.7215138077735901,0.832452654838562,0.04020155966281891,0.16825170814990997,0.021375762298703194,0.00885802786797285,-9.01817512512207,2.0215868949890137,0.21744934847072137,0.024269026763468926,0.07850186666156354,0.6090358203367437,-1.1766336925598029,0.16920050503788614
179730,179,0.13856567442417145,0.5486686825752258,0.1424322873353958,0.5417298078536987,-1.802135944366455,0.22701533138751984,-1.8140898942947388,0.14448177814483643,0.04667402058839798,0.21297775208950043,0.040492355823516846,0.010046030394732952,0.9508473873138428,0.786579430103302,0.7162941694259644,0.8330506086349487,0.05693071335554123,0.1677873730659485,0.017286038026213646,0.00902083795517683,-11.349191665649414,0.6762194633483887,0.20031678519221288,0.04937239024177523,0.06688273139432388,0.6102490576864552,-1.1515988854946375,0.08777576330025526
179731,179,0.11920241266489029,0.5510847568511963,0.12292541563510895,0.5436899662017822,-2.0240983963012695,0.27065759897232056,-2.044739246368408,0.25124791264533997,0.0815567746758461,0.20845051109790802,0.03649795055389404,0.010040437802672386,0.9533770084381104,0.785836935043335,0.7103840708732605,0.8338349461555481,0.09272395074367523,0.16394710540771484,0.013989218510687351,0.009246030822396278,-12.230720520019531,0.3566908836364746,0.18866518983748942,0.08833871254637343,0.055366742539375416,0.611126815319458,-1.151598885494631,0.08777576330025526
179732,179,0.0980643630027771,0.5541478395462036,0.10146903991699219,0.5467717051506042,-2.1694626808166504,0.34007003903388977,-2.2195236682891846,0.35537904500961304,0.1252584010362625,0.20311972498893738,0.033063020557165146,0.010035526938736439,0.955462634563446,0.7849908471107483,0.7040877938270569,0.8348394632339478,0.13813909888267517,0.15818098187446594,0.01160392165184021,0.009503255598247051,-11.626493453979492,0.9273290634155273,0.17954390056954375,0.1361195992215207,0.04399877658337197,0.6116497649493343,-1.121265577588303,0.015067415582674975
179733,179,0.0761551558971405,0.5580615401268005,0.07863698899745941,0.5508701801300049,-2.198859214782715,0.4289809763431549,-2.3339152336120605,0.4460667073726654,0.16446956992149353,0.19607454538345337,0.030100800096988678,0.010031218640506268,0.9579363465309143,0.7839674949645996,0.6977744698524475,0.8360682129859924,0.1823383867740631,0.15121079981327057,0.010021166875958443,0.009751738049089909,-10.63503646850586,1.6566038131713867,0.1644602694731265,0.17646946482738085,0.032786120807488175,0.6118004391051611,-1.121265577588303,0.015067415582674975
179734,179,0.0545266829431057,0.5628359913825989,0.05501308664679527,0.5558074116706848,-2.124962568283081,0.5112605094909668,-2.3854644298553467,0.526160478591919,0.1918317973613739,0.1867571324110031,0.027539141476154327,0.010027434676885605,0.9612067937850952,0.7828274369239807,0.6916850805282593,0.83745276927948,0.2179935723543167,0.14342789351940155,0.00875941663980484,0.009905342012643814,-12.013153076171875,1.8718290328979492,0.1441738396807576,0.2014596729829284,0.02171171216944745,0.6117028321673629,-1.0856337688408215,-0.04892453811485471
179735,179,0.03361005336046219,0.5681817531585693,0.031150776892900467,0.5613008141517639,-2.0557079315185547,0.5562124252319336,-2.346944808959961,0.5725528001785278,0.20586133003234863,0.1753697693347931,0.025315390899777412,0.010024105198681355,0.9654650688171387,0.7816880941390991,0.6858948469161987,0.8389133214950562,0.24046388268470764,0.13490504026412964,0.007842747494578362,0.009919687174260616,-11.131516456604004,0.3487277030944824,0.12227206834276456,0.211046020369991,0.01085537448103719,0.6112135867862144,-1.0856337688408215,-0.04892453811485471
179736,179,0.013602386228740215,0.5737491250038147,0.008858504705131054,0.5672096610069275,-1.9513884782791138,0.5563465356826782,-2.109712839126587,0.6021599769592285,0.21628884971141815,0.16310785710811615,0.023385148495435715,0.010021183639764786,0.9701639413833618,0.7806032299995422,0.6805465817451477,0.840445876121521,0.2534317970275879,0.1252056062221527,0.007252431474626064,0.010071421042084694,-10.75323486328125,2.523360252380371,0.10438856074853986,0.2203442945500515,0.00011691116769110225,0.6105651544329017,-1.0447034592521818,-0.10420009779233382
179737,179,-0.005030748900026083,0.5796550512313843,-0.010651392862200737,0.5734462141990662,-1.7918273210525513,0.6060417890548706,-1.8264812231063843,0.6288833618164062,0.22136719524860382,0.15104831755161285,0.021703843027353287,0.010018610395491123,0.9749061465263367,0.7793988585472107,0.6757786870002747,0.8421412706375122,0.25877469778060913,0.11465850472450256,0.006948199588805437,0.01028391718864441,-9.815988540649414,4.536335468292236,0.09186517910361391,0.22333899144946281,-0.010330123424831429,0.6095231534549783,-1.0447034592521813,-0.10420009779233382
179738,179,-0.021734774112701416,0.5862188935279846,-0.027437672019004822,0.5800175666809082,-1.5835016965866089,0.6742873787879944,-1.5746381282806396,0.6651247143745422,0.22028665244579315,0.13784247636795044,0.020242732018232346,0.010016354732215405,0.9795188307762146,0.7780035138130188,0.6718156337738037,0.8440361022949219,0.2552048861980438,0.10350906848907471,0.007121820002794266,0.010529657825827599,-5.573098659515381,5.914731025695801,0.0709147569214509,0.21563763806902692,-0.020690253406756197,0.6083936268383116,-0.9984746488223865,-0.15075926344976232
179739,179,-0.03563397005200386,0.5935750007629395,-0.041582103818655014,0.5871744155883789,-1.2537636756896973,0.7562350034713745,-1.2936655282974243,0.73512864112854,0.21602579951286316,0.122913658618927,0.01896671950817108,0.010014370083808899,0.9837005138397217,0.776518702507019,0.6687384247779846,0.8460373878479004,0.2461673468351364,0.0920364260673523,0.007345946505665779,0.010660411790013313,-4.927038192749023,6.571626663208008,0.044948391412802324,0.19764854733239157,-0.030674999894980744,0.6068860342038136,-0.9984746488223865,-0.1507592634498152
179740,179,-0.04661241173744202,0.6013561487197876,-0.052989933639764786,0.5947793126106262,-0.9727178812026978,0.7883471250534058,-1.010541319847107,0.7774895429611206,0.20488935708999634,0.10615864396095276,0.01785442605614662,0.010012626647949219,0.98750239610672,0.7750676870346069,0.6665376424789429,0.8481590747833252,0.23105615377426147,0.0793299749493599,0.0076147811487317085,0.01081087440252304,-3.283015489578247,7.887253761291504,0.015097656658925165,0.15600781001918118,-0.04061440853875252,0.6053451444759532,-0.9511215434480615,-0.1855364080125649
179741,179,-0.05460384488105774,0.6096113920211792,-0.06134624779224396,0.602922260761261,-0.6669818162918091,0.8385096788406372,-0.6934612989425659,0.8324449062347412,0.18889166414737701,0.09168066084384918,0.016882020980119705,0.010011095553636551,0.9910760521888733,0.7735182046890259,0.6650157570838928,0.8502750396728516,0.21172620356082916,0.06792962551116943,0.007705518510192633,0.01078200712800026,-5.914664268493652,7.720978260040283,-0.009011438685713566,0.11679944806244105,-0.050083881914267506,0.6034591241250814,-0.9469473375514328,-0.1886020350871931
179742,179,-0.06043511629104614,0.6178371906280518,-0.0669843778014183,0.6112149953842163,-0.49675697088241577,0.8189113736152649,-0.44583404064178467,0.8363927006721497,0.16765065491199493,0.07974755018949509,0.01603289321064949,0.03323664516210556,0.9945441484451294,0.7717727422714233,0.6641318202018738,0.8508822917938232,0.187016099691391,0.05814864858984947,0.00785183347761631,0.03024556115269661,-3.014925718307495,6.979060173034668,-0.03697911482326473,0.06788396765383477,-0.059553355289782485,0.6015731037742095,-0.9217848711986492,-0.2014991934301282
179743,179,-0.06402985751628876,0.6258251667022705,-0.07011699676513672,0.6196218729019165,-0.25667160749435425,0.7661474943161011,-0.20783473551273346,0.8293539881706238,0.14549387991428375,0.06982278823852539,0.015291128307580948,0.0516619011759758,0.9978036880493164,0.7699828743934631,0.6637497544288635,0.8515921235084534,0.16088415682315826,0.050928547978401184,0.007785215973854065,0.04618814215064049,-5.486279487609863,8.356246948242188,-0.05520729462567782,0.036036175703328836,-0.06846139646755427,0.5993993183111417,-0.8901215254393259,-0.21772841270457324
179744,179,-0.06605654954910278,0.6330571174621582,-0.07131270319223404,0.6275293827056885,-0.14783713221549988,0.6809396743774414,-0.03910217061638832,0.7547756433486938,0.12355858087539673,0.061467718333005905,0.01474577933549881,0.06546424329280853,1.0008167028427124,0.7683272957801819,0.663670003414154,0.8524572253227234,0.1352767050266266,0.04479143023490906,0.007719638757407665,0.05836399644613266,-5.731968879699707,10.535573959350586,-0.06819529578369529,-0.010856231947296055,-0.07736261172194812,0.5972220341840961,-0.8901215254393259,-0.2177284127045204
179745,179,-0.06697846204042435,0.6397039294242859,-0.07091576606035233,0.6347451210021973,-0.059250347316265106,0.6303545832633972,0.08994990587234497,0.6791929006576538,0.1058848649263382,0.0544065497815609,0.036712754517793655,0.07366012036800385,1.0034465789794922,0.7669519782066345,0.6627968549728394,0.8533225059509277,0.11420699208974838,0.04063178598880768,0.018453184515237808,0.06477287411689758,-8.088066101074219,7.536358833312988,-0.07535894108430752,-0.04022024922880346,-0.08571217053969585,0.5948635118543563,-0.8279972124860627,-0.23813839630184996
179746,179,-0.06798531860113144,0.6448419690132141,-0.06998015195131302,0.6406407952308655,-0.12317679822444916,0.4335152506828308,0.10910236835479736,0.5261626243591309,0.09145405143499374,0.048408135771751404,0.06373192369937897,0.0844276174902916,1.005780816078186,0.7661746144294739,0.6615452766418457,0.8537034392356873,0.09822434931993484,0.0370708666741848,0.03143170475959778,0.07255243510007858,-9.29476547241211,7.5324273109436035,-0.08677200529815256,-0.06876465984325053,-0.09399214266455702,0.5924821278913376,-0.8279972124860627,-0.23813839630184996
179747,179,-0.06978323310613632,0.6482382416725159,-0.068879634141922,0.6450384259223938,-0.2313435971736908,0.2616462707519531,0.1066647619009018,0.3643481135368347,0.07955040782690048,0.04329296946525574,0.07168504595756531,0.08284750580787659,1.0081231594085693,0.7659755349159241,0.660557210445404,0.8541883826255798,0.0859668180346489,0.03430403396487236,0.03516620025038719,0.07101503014564514,-9.807586669921875,7.008876800537109,-0.07356590806075168,-0.07333446623789427,-0.10174083111555553,0.5900085998470851,-0.7605743986916399,-0.24983198587912894
179748,179,-0.07268121838569641,0.6498674750328064,-0.06867876648902893,0.6476830840110779,-0.3301036059856415,0.08329840749502182,-0.0850515067577362,0.17792513966560364,0.06963742524385452,0.03891279175877571,0.07137822359800339,0.0796567052602768,1.0106301307678223,0.7664011120796204,0.6595160961151123,0.8544014096260071,0.07622522115707397,0.03199654445052147,0.03430284559726715,0.06719809025526047,-11.89305305480957,7.159664630889893,-0.06078930534099088,-0.06951637219925882,-0.10934657510247245,0.5875102799882936,-0.7605743986916464,-0.24983198587912894
179749,179,-0.07681480795145035,0.6497461795806885,-0.07121066004037857,0.6482909321784973,-0.4798678159713745,-0.08923031389713287,-0.39399412274360657,-0.03925040364265442,0.06130699813365936,0.03514464572072029,0.07033400982618332,0.07448915392160416,1.0133074522018433,0.7672847509384155,0.6582119464874268,0.8544126152992249,0.06774309277534485,0.029606128111481667,0.03313376009464264,0.062338389456272125,-9.772087097167969,8.448307037353516,-0.043630717739261825,-0.06399267620926269,-0.11645200517998787,0.58499147738169,-0.6878530840560638,-0.2528091814364102
179750,179,-0.08188749849796295,0.6484807133674622,-0.07623425126075745,0.6470352411270142,-0.5571771860122681,-0.17785587906837463,-0.6023571491241455,-0.21743473410606384,0.054273612797260284,0.03189852833747864,0.06718570739030838,0.06733924895524979,1.01603102684021,0.768339216709137,0.65679931640625,0.8544095754623413,0.06025322526693344,0.02694532461464405,0.031421173363924026,0.05668100714683533,-7.07089900970459,12.099900245666504,-0.02391065813519773,-0.04794824182239897,-0.12333053602054894,0.5824633855673261,-0.6878530840560572,-0.25280918143635733
179751,179,-0.08743304759263992,0.6469422578811646,-0.08273415267467499,0.644317090511322,-0.5888117551803589,-0.16911697387695312,-0.7104069590568542,-0.3360673785209656,0.048297952860593796,0.029093002900481224,0.06339285522699356,0.05998561531305313,1.0187697410583496,0.7693197727203369,0.6552703976631165,0.8544599413871765,0.05407055839896202,0.024516569450497627,0.029108678922057152,0.050689153373241425,-6.241706848144531,14.927163124084473,-0.014444816442989762,-0.04000327904225423,-0.12975031971785722,0.57996903955053,-0.6098332685793347,-0.24706998297358798
179752,179,-0.09353327006101608,0.6454986929893494,-0.09017396718263626,0.6408560872077942,-0.6456606984138489,-0.14542755484580994,-0.7816219925880432,-0.34851500391960144,0.043195758014917374,0.02666221559047699,0.059785954654216766,0.05437280237674713,1.0215387344360352,0.770154595375061,0.6535866260528564,0.85451340675354,0.04879980906844139,0.022275062277913094,0.026949888095259666,0.04598157852888107,-5.182626247406006,16.711795806884766,-0.01900901927178675,-0.03733197294549427,-0.13584865240365093,0.5774983397207942,-0.6098332685793215,-0.24706998297353513
179753,179,-0.10013021528720856,0.6443490982055664,-0.09811709821224213,0.637955904006958,-0.685188353061676,-0.10374387353658676,-0.8119075298309326,-0.24192628264427185,0.03882751613855362,0.024554507806897163,0.05555956810712814,0.05051713436841965,1.0243804454803467,0.7709080576896667,0.6517382860183716,0.8544407486915588,0.044469933956861496,0.020752903074026108,0.024468185380101204,0.04226409271359444,-4.590577125549316,13.607726097106934,-0.025883629123348535,-0.028947827777514243,-0.1415404017140188,0.5750981814459677,-0.5265149522614327,-0.2326143904907152
179754,179,-0.10737867653369904,0.642960250377655,-0.10647692531347275,0.63591068983078,-0.7496356964111328,-0.1579013168811798,-0.8425371646881104,-0.1707945615053177,0.03506961464881897,0.02272149920463562,0.05090828612446785,0.04855416342616081,1.0271766185760498,0.7717437744140625,0.649868905544281,0.8542004227638245,0.04033506289124489,0.019301503896713257,0.022262847051024437,0.04031423479318619,-1.8165206909179688,12.982220649719238,-0.03592082077527071,-0.021288594892173204,-0.14680555123663355,0.5727720375410604,-0.5265149522614327,-0.2326143904907152
179755,179,-0.11459776759147644,0.6413533687591553,-0.11466153711080551,0.63453209400177,-0.7108359336853027,-0.1698274165391922,-0.8049152493476868,-0.12812002003192902,0.03183356299996376,0.021127954125404358,0.045429207384586334,0.046199996024370193,1.0297882556915283,0.7725004553794861,0.6481391191482544,0.8540124893188477,0.036785416305065155,0.017706509679555893,0.01970658265054226,0.03868655115365982,-1.8311500549316406,15.99374771118164,-0.03094047642350026,-0.007854188762567119,-0.1517268781533339,0.5705357981603627,-0.43789813510238434,-0.20944240398784464
179756,179,-0.12145520001649857,0.6400994658470154,-0.12225359678268433,0.633472204208374,-0.6779332756996155,-0.0998934805393219,-0.7255314588546753,-0.09749521315097809,0.029033740982413292,0.019737984985113144,0.04073745384812355,0.04425463452935219,1.0323066711425781,0.773025631904602,0.646398663520813,0.8539289236068726,0.03394554927945137,0.016305044293403625,0.01727527193725109,0.037262603640556335,-2.526545524597168,16.26153564453125,-0.03158488621032936,-0.008824095596194001,-0.15610585950435865,0.5684413741204842,-0.43789813510239756,-0.2094424039877918
179757,179,-0.12833833694458008,0.6393213868141174,-0.1291542500257492,0.6325903534889221,-0.6930524706840515,-0.05701841786503792,-0.6572844386100769,-0.07450829446315765,0.026618625968694687,0.018530238419771194,0.03672734647989273,0.04491585120558739,1.034774661064148,0.7733815312385559,0.6446056365966797,0.8537989854812622,0.03151245787739754,0.015185732394456863,0.015269662253558636,0.03763576224446297,-2.3930001258850098,15.408641815185547,-0.045045563076065095,-0.00903684599669087,-0.16021437602066105,0.5664387847860761,-0.3439828171021762,-0.17755402346492352
179758,179,-0.13529014587402344,0.6388305425643921,-0.13543730974197388,0.6320047378540039,-0.6914786696434021,-0.037027839571237564,-0.6011704802513123,-0.04016537219285965,0.024522077292203903,0.017475362867116928,0.03327273577451706,0.05327665060758591,1.037115216255188,0.773590087890625,0.6428640484809875,0.8533144593238831,0.02924158424139023,0.014113610610365868,0.0137112932279706,0.044271279126405716,-1.4704680442810059,15.475179672241211,-0.05496490772596355,-0.0005886665798487262,-0.16365420419168317,0.5646632445514271,-0.3439828171021762,-0.17755402346487065
179759,179,-0.14193128049373627,0.638618528842926,-0.14120982587337494,0.6318241357803345,-0.6418372392654419,-0.013682415708899498,-0.5672562122344971,-0.004169221501797438,0.022699745371937752,0.016553547233343124,0.030289823189377785,0.060390014201402664,1.0392874479293823,0.7736862301826477,0.6412219405174255,0.8528973460197449,0.027316635474562645,0.013290129601955414,0.012338794767856598,0.05033182352781296,-2.2560667991638184,16.011112213134766,-0.061897552365478295,0.005939897376051537,-0.16690752230085934,0.5629640364154687,-0.2447689982608348,-0.13694924892189891
179760,179,-0.1482016146183014,0.6385677456855774,-0.1469191461801529,0.6318771243095398,-0.6097745895385742,0.0011296868324279785,-0.576065182685852,0.013571459800004959,0.02110934443771839,0.015745365992188454,0.0277012437582016,0.06774793565273285,1.0413670539855957,0.7738269567489624,0.6395983099937439,0.8524183630943298,0.025780532509088516,0.01289630588144064,0.011063720099627972,0.05609413608908653,-3.01399827003479,13.711676597595215,-0.06925480317866857,0.006332093457771498,-0.16935521228346784,0.5615945439262496,-0.2447689982608348,-0.13694924892189891
179761,179,-0.15438275039196014,0.6381368637084961,-0.1529475748538971,0.6318224668502808,-0.6085163354873657,-0.0635681226849556,-0.6095871329307556,-0.011873924173414707,0.019722994416952133,0.01503799483180046,0.02545606717467308,0.07423382997512817,1.0432500839233398,0.7740415930747986,0.6381184458732605,0.8519816398620605,0.02416805550456047,0.012210679240524769,0.010232560336589813,0.06166337803006172,-1.4043283462524414,15.932517051696777,-0.07559322976675997,0.008881714270021768,-0.1717109439787879,0.5602684481409016,-0.14872317780618385,-0.09162356755906952
179762,179,-0.15990091860294342,0.6377813220024109,-0.15883305668830872,0.6318140029907227,-0.5213245749473572,-0.03227366879582405,-0.5833427309989929,-0.0077438876032829285,0.01949300616979599,0.014418967999517918,0.023506872355937958,0.07339730858802795,1.0448495149612427,0.7742193937301636,0.6367601156234741,0.8518918752670288,0.02374069206416607,0.011751222424209118,0.009318455122411251,0.06160406395792961,-2.802983522415161,16.679546356201172,-0.0683542499195911,0.017875498930639305,-0.17311351076457113,0.5593921673373128,-0.1402566785783073,-0.08762808035882373
179763,179,-0.16505421698093414,0.6374658942222595,-0.16461172699928284,0.6315967440605164,-0.5098175406455994,-0.028857894241809845,-0.5658891201019287,-0.029829315841197968,0.01865348033607006,0.01387718040496111,0.021812714636325836,0.0752665102481842,1.046553373336792,0.7744691371917725,0.635276198387146,0.8516836166381836,0.02351902611553669,0.011486809700727463,0.008226906880736351,0.06265223026275635,-5.887142181396484,15.65172004699707,-0.07567520490734153,0.01273563452108989,-0.17451607755035436,0.5585158865337241,-0.09165460465575853,0.22139257817836247
179764,179,-0.1707201451063156,0.6368594169616699,-0.17029719054698944,0.631016731262207,-0.598154604434967,-0.07221301645040512,-0.5513589382171631,-0.06635934114456177,0.02024220861494541,0.013402181677520275,0.020336320623755455,0.07380020618438721,1.0481584072113037,0.7749150991439819,0.6335594058036804,0.8514626622200012,0.025212351232767105,0.011501315049827099,0.007295662071555853,0.061132773756980896,-6.017296314239502,12.917634963989258,-0.06497798784413143,0.020484289430663202,-0.17483422086211478,0.5645345636821302,-0.030495883183302375,0.6102506424417637
179765,179,-0.1770993024110794,0.6355714797973633,-0.17578895390033722,0.6300762295722961,-0.6577428579330444,-0.16090871393680573,-0.5433051586151123,-0.11109235882759094,0.040879618376493454,0.012986007146537304,0.01904960721731186,0.06991743296384811,1.0474255084991455,0.7756627202033997,0.6317405700683594,0.8511815667152405,0.042758189141750336,0.011522036977112293,0.006670669186860323,0.057735785841941833,-4.87163782119751,11.630315780639648,-0.046381199079931136,0.04436840689441268,-0.17513917969394777,0.5706370701065473,-0.030495883183302375,0.6102506424417637
179766,179,-0.1835019290447235,0.6335481405258179,-0.1812783181667328,0.6287019848823547,-0.6210362911224365,-0.23645901679992676,-0.5625555515289307,-0.16767841577529907,0.06296183913946152,0.012621902860701084,0.017929136753082275,0.06319405138492584,1.046339988708496,0.7766799330711365,0.6299823522567749,0.8508780598640442,0.06299221515655518,0.01152100134640932,0.006227005273103714,0.052163030952215195,-5.636153221130371,12.006325721740723,-0.021730247901658374,0.06754751826351868,-0.1744246468818071,0.5756219267503669,0.08431328740960922,0.4843874781065452
179767,179,-0.1895073801279068,0.6308838129043579,-0.18711979687213898,0.6265971660614014,-0.5740939378738403,-0.2925936281681061,-0.6004137396812439,-0.2518112063407898,0.07435256242752075,0.012301716953516006,0.01694769598543644,0.055870894342660904,1.0461119413375854,0.777828574180603,0.6284422278404236,0.8505741357803345,0.07584045827388763,0.01129528321325779,0.006037595681846142,0.046136483550071716,-5.199763774871826,13.55630874633789,0.002275078853144173,0.07673146055814821,-0.17358151400771096,0.5804658015314326,0.08431328740960922,0.4843874781065981
179768,179,-0.19473284482955933,0.6280291080474854,-0.19307221472263336,0.6237835884094238,-0.4850248098373413,-0.2885006070137024,-0.5926759243011475,-0.3121444880962372,0.08355503529310226,0.02145136520266533,0.01609044149518013,0.0496627613902092,1.0462322235107422,0.7778130769729614,0.6271361708641052,0.8502594828605652,0.08514592796564102,0.017742140218615532,0.005784804001450539,0.04104079678654671,-6.591225624084473,15.790613174438477,0.022867974853282562,0.08562967458578224,-0.1717943122620907,0.584353132857893,0.20412080807174518,0.362996864393302
179769,179,-0.1993037462234497,0.6254457235336304,-0.19879747927188873,0.6205299496650696,-0.4318922162055969,-0.23313747346401215,-0.5494650602340698,-0.329374760389328,0.08660609275102615,0.032607872039079666,0.015340167097747326,0.04436619207262993,1.046724796295166,0.7772713303565979,0.6261232495307922,0.850012481212616,0.08889010548591614,0.026166416704654694,0.005851438734680414,0.036758944392204285,-3.305903673171997,14.920783042907715,0.03442244855081963,0.0873022457580113,-0.16975310418137313,0.5879831015018259,0.20412080807174518,0.36299686439324913
179770,179,-0.20275819301605225,0.6234180927276611,-0.20374998450279236,0.6175470352172852,-0.2862050533294678,-0.18194657564163208,-0.44883623719215393,-0.2715212404727936,0.09334084391593933,0.03571552038192749,0.014683609828352928,0.03983285650610924,1.0467910766601562,0.7773151993751526,0.6255539059638977,0.849909782409668,0.092829629778862,0.028962019830942154,0.006009705830365419,0.03345285356044769,-1.6183912754058838,16.32871437072754,0.036243179661871565,0.09492288445077016,-0.16685324670172053,0.5908086879159009,0.32892667880310555,0.24607880130187548
179771,179,-0.2046748548746109,0.6221796870231628,-0.2071964293718338,0.6154251098632812,-0.12123820185661316,-0.08242905139923096,-0.2502868175506592,-0.16317859292030334,0.09245065599679947,0.03675728663802147,0.014108923263847828,0.03594040498137474,1.0469927787780762,0.7775912284851074,0.6252878904342651,0.8497911691665649,0.09321792423725128,0.03047589212656021,0.005953942891210318,0.029819410294294357,-2.022256851196289,11.078502655029297,0.03693841029051616,0.0873411214426657,-0.16356397991368923,0.5932694759289199,0.32892667880310555,0.24607880130187548
179772,179,-0.2056165188550949,0.6207077503204346,-0.20889566838741302,0.6137859225273132,-0.042657576501369476,-0.16391441226005554,-0.06962941586971283,-0.14284567534923553,0.0899302139878273,0.03555838391184807,0.013604607433080673,0.03258027136325836,1.0472615957260132,0.7782982587814331,0.6253206729888916,0.8495842218399048,0.09065251797437668,0.030030619353055954,0.006011697463691235,0.026953313499689102,-3.2924532890319824,11.309118270874023,0.02754462509273556,0.07543768496683947,-0.15951147989944855,0.5950690978355871,0.45873089960370345,0.1336332888324243
179773,179,-0.20553630590438843,0.6190113425254822,-0.20850007236003876,0.612442135810852,0.054666951298713684,-0.16698841750621796,0.1286943554878235,-0.1272769272327423,0.08783542364835739,0.0435788556933403,0.013162657618522644,0.029678162187337875,1.0473271608352661,0.7781504988670349,0.625676691532135,0.8493697643280029,0.08719432353973389,0.03513994440436363,0.006196083500981331,0.02452782355248928,-2.556236982345581,11.580780029296875,0.04489792201203449,0.07572238407562928,-0.1549241709034112,0.5964054307239117,0.45873089960370345,0.1336332888324772
179774,179,-0.20427481830120087,0.6174850463867188,-0.20628559589385986,0.6112370491027832,0.18465453386306763,-0.1391172707080841,0.290010005235672,-0.11762139201164246,0.08560056239366531,0.04894261807203293,0.012776046060025692,0.027171749621629715,1.0469812154769897,0.7779185771942139,0.6264647245407104,0.8492584824562073,0.08340424299240112,0.03915617614984512,0.006504623219370842,0.02270204946398735,-0.9092485904693604,13.093042373657227,0.049934784517384104,0.07257068298997206,-0.14967904155403067,0.5972148685281453,0.5935334704735258,0.025660326984948478
179775,179,-0.2014155387878418,0.6165976524353027,-0.20256556570529938,0.6103034019470215,0.36120763421058655,-0.057179246097803116,0.4268004596233368,-0.08037948608398438,0.08238910883665085,0.04893952235579491,0.012435819022357464,0.02498955838382244,1.0462820529937744,0.7779821157455444,0.6276748180389404,0.8492823839187622,0.0791512131690979,0.039530474692583084,0.006735741626471281,0.021077817305922508,-1.399400234222412,12.829232215881348,0.04891963982311484,0.0636308620374535,-0.14374370684929488,0.5974714717979945,0.5935334704735258,0.025660326984948478
179776,179,-0.1971019059419632,0.6162571907043457,-0.19782166182994843,0.6096550226211548,0.48934417963027954,-0.01227240264415741,0.514592170715332,-0.044385507702827454,0.07708901166915894,0.047437213361263275,0.012138336896896362,0.023100214079022408,1.0454298257827759,0.7782241106033325,0.6291508674621582,0.849298357963562,0.07405347377061844,0.038933392614126205,0.006862976588308811,0.019336404278874397,-2.219841480255127,9.850719451904297,0.037728369317345176,0.04566782047723362,-0.13726596136421812,0.5973265059047701,0.7333343914125989,-0.07784008424065775
179777,179,-0.19188374280929565,0.6157692074775696,-0.19243861734867096,0.6091771721839905,0.5668061971664429,-0.0558948740363121,0.5763795375823975,-0.03645901381969452,0.07093242555856705,0.045076824724674225,0.011877610348165035,0.021458197385072708,1.0443583726882935,0.7786206007003784,0.6310426592826843,0.849338710308075,0.06703412532806396,0.03705640509724617,0.0073419236578047276,0.018033964559435844,1.0931062698364258,10.222792625427246,0.02972228286355898,0.0338301465706128,-0.12993261745009166,0.5965481050623632,0.7333343914125989,-0.07784008424071062
179778,179,-0.18504758179187775,0.615464985370636,-0.18594825267791748,0.6091151833534241,0.766093909740448,-0.023337524384260178,0.6973897814750671,0.0027318019419908524,0.0650160163640976,0.04370493441820145,0.011649299412965775,0.020030951127409935,1.0428564548492432,0.7789371013641357,0.633392870426178,0.849343478679657,0.060274675488471985,0.0358896404504776,0.0076490528881549835,0.016743257641792297,1.2172746658325195,9.33018684387207,0.03470874782250232,0.028669243993111077,-0.12218226902876798,0.5954845158766563,0.8781336624208899,-0.1768679448443415
179779,179,-0.17670299112796783,0.6150689721107483,-0.17843881249427795,0.6090357899665833,0.895836591720581,-0.05068017542362213,0.8109076023101807,-0.017288291826844215,0.05741367116570473,0.04142791032791138,0.011448427103459835,0.018783045932650566,1.0410172939300537,0.779330313205719,0.6361960172653198,0.8493497371673584,0.052299030125141144,0.034161511808633804,0.008188442327082157,0.015763554722070694,3.6380720138549805,9.93730354309082,0.026461247712825813,0.004099371308339803,-0.11340093240455851,0.5937158364282126,0.8781336624208832,-0.1768679448443415
179780,179,-0.16665881872177124,0.6147287487983704,-0.1692991703748703,0.6089378595352173,1.083121657371521,-0.02943994477391243,0.9995875954627991,-0.01296105608344078,0.05097384750843048,0.039532873779535294,0.012345559895038605,0.017694223672151566,1.0387492179870605,0.7798515558242798,0.6393206119537354,0.8491665124893188,0.04528149589896202,0.033341698348522186,0.008919059298932552,0.014412361197173595,3.214871883392334,5.738539695739746,0.026995816386962045,-0.012478036062615133,-0.10433799424643149,0.5917694043549984,1.0279312834984118,-0.27142325482615565
179781,179,-0.15548650920391083,0.6135470867156982,-0.15862274169921875,0.6082766652107239,1.1680946350097656,-0.16645397245883942,1.1513193845748901,-0.09521020948886871,0.04548788070678711,0.03679290786385536,0.03496985509991646,0.016742853447794914,1.0358610153198242,0.7807495594024658,0.6421175003051758,0.8488385081291199,0.03859300538897514,0.031559284776449203,0.02098413184285164,0.013518943451344967,5.9384894371032715,7.270317077636719,0.0185482917779064,-0.03864851230647315,-0.09405868141144665,0.5890551718067372,1.0279312834984118,-0.2714232548261028
179782,179,-0.1426641345024109,0.6118792295455933,-0.14587926864624023,0.6071957349777222,1.3520004749298096,-0.1879955679178238,1.360092282295227,-0.14119192957878113,0.04078957438468933,0.03660252317786217,0.049034569412469864,0.015910150483250618,1.0323717594146729,0.7816100120544434,0.6455755233764648,0.8483593463897705,0.033216435462236404,0.03131940960884094,0.029422027990221977,0.012614154256880283,6.616888046264648,6.771383285522461,0.03533102279520431,-0.051471181747207814,-0.08364316671596467,0.5862616772509915,1.1701872978805388,-0.35420844759397646
179783,179,-0.12846139073371887,0.609645664691925,-0.1314241737127304,0.6053306460380554,1.472623348236084,-0.25489431619644165,1.5124671459197998,-0.22665844857692719,0.036756861954927444,0.03627457842230797,0.0746096521615982,0.015181674621999264,1.0284310579299927,0.7827296257019043,0.6489501595497131,0.8475918173789978,0.028618361800909042,0.03205758333206177,0.044081542640924454,0.011558310128748417,7.085764408111572,3.7183594703674316,0.03408320392181344,-0.07963029723865131,-0.07181589416951215,0.5826466171091319,1.1827272546451713,-0.3615060141859945
179784,179,-0.11332736164331436,0.6062191724777222,-0.11575672775506973,0.6023857593536377,1.5528982877731323,-0.40126746892929077,1.6191738843917847,-0.3435201644897461,0.033291060477495193,0.040072135627269745,0.09608776122331619,0.014545079320669174,1.0240299701690674,0.7839010953903198,0.6527227759361267,0.846522867679596,0.024620138108730316,0.035467203706502914,0.057759661227464676,0.010668652132153511,9.178290367126465,3.6906027793884277,0.040742743432729996,-0.1011052152968583,-0.05998862162305963,0.5790315569672722,1.2534841709393147,-0.3994142097181926
179785,179,-0.097100168466568,0.6016824245452881,-0.0989217534661293,0.5984301567077637,1.6705533266067505,-0.501520037651062,1.7292567491531372,-0.45062583684921265,0.03029780462384224,0.05684896558523178,0.11140148341655731,0.013987390324473381,1.0191727876663208,0.7841106057167053,0.6570236086845398,0.8451482653617859,0.02101278305053711,0.04850155860185623,0.06900862604379654,0.009816231206059456,11.583995819091797,2.6858067512512207,0.059996973445076415,-0.11526757669179832,-0.046582600377504634,0.5745706782465901,1.3425215758611548,-0.447116222923858
179786,179,-0.07960617542266846,0.5961319208145142,-0.08110986649990082,0.59330815076828,1.8038002252578735,-0.6012185215950012,1.816762924194336,-0.5728592872619629,0.027709810063242912,0.07147300988435745,0.1316046565771103,0.013499148190021515,1.0137995481491089,0.7846391797065735,0.6615644097328186,0.8435229063034058,0.01784367486834526,0.061751026660203934,0.08340424299240112,0.009212382137775421,13.225366592407227,2.5910425186157227,0.07453437198917502,-0.13724093167615856,-0.03315738461889377,0.5700995160173519,1.3425215758611548,-0.44711622292391084
179787,179,-0.06081230938434601,0.5897857546806335,-0.062447480857372284,0.5869866609573364,1.926579236984253,-0.6671445965766907,1.9016708135604858,-0.6906982064247131,0.02545887418091297,0.08648781478404999,0.15465742349624634,0.013069966807961464,1.0080338716506958,0.7854345440864563,0.6662073135375977,0.841734766960144,0.015462134033441544,0.07533822953701019,0.09970252215862274,0.008701501414179802,11.843242645263672,3.3220863342285156,0.08958236107454279,-0.16121209587843682,-0.018268829734183978,0.5649078611303084,1.5073142471463747,-0.5282538810399047
179788,179,-0.04144156724214554,0.5828415751457214,-0.04308433458209038,0.5794487595558167,1.9391183853149414,-0.7109846472740173,1.9659744501113892,-0.7947485446929932,0.023509254679083824,0.09821547567844391,0.17815880477428436,0.012694630771875381,1.0020196437835693,0.7866222858428955,0.6709379553794861,0.8399210572242737,0.013361465185880661,0.08635522425174713,0.11733105778694153,0.008407223969697952,14.488126754760742,3.4251880645751953,0.10099531832154547,-0.18591806232867655,-0.0031956872627191997,0.5596253223199097,1.5073142471463747,-0.5282538810398518
179789,179,-0.021598653867840767,0.5758240222930908,-0.022922806441783905,0.5714585185050964,1.9989781379699707,-0.7042980790138245,2.041813611984253,-0.8057371377944946,0.021814687177538872,0.10690748691558838,0.18890798091888428,0.012365683913230896,0.9957988858222961,0.7881354093551636,0.6760971546173096,0.8380903601646423,0.011810392141342163,0.09514546394348145,0.12809425592422485,0.00810244306921959,15.573201179504395,3.159778118133545,0.10910432562962254,-0.19272209908329013,0.01316738312332144,0.553738671671479,1.671013178378492,-0.6049189885339232
179790,179,-0.0014483091654255986,0.568723738193512,-0.0023070243187248707,0.5634894967079163,2.0203981399536133,-0.7139249444007874,2.071732997894287,-0.7860013246536255,0.020336654037237167,0.10896559804677963,0.20217177271842957,0.012076721526682377,0.9895056486129761,0.7901954054832458,0.6812353730201721,0.8363036513328552,0.010592445731163025,0.09895950555801392,0.13938498497009277,0.007977081462740898,14.600975036621094,4.535653591156006,0.10947537551503855,-0.20693710178708702,0.029877514907105517,0.5476894817861404,1.6710131783784947,-0.6049189885339232
179791,179,0.018609890714287758,0.5617764592170715,0.018448254093527794,0.5558742880821228,1.9863072633743286,-0.6804779767990112,2.0724117755889893,-0.7399271130561829,0.019050927832722664,0.11095064133405685,0.21079613268375397,0.011823739856481552,0.9832625985145569,0.7924009561538696,0.6863793730735779,0.8345608115196228,0.009627954103052616,0.10129453986883163,0.1480618715286255,0.007731743156909943,15.787084579467773,2.6596426963806152,0.11147663906431586,-0.21414868216872654,0.04753869948100975,0.5411436157813001,1.8092500090681705,-0.6771115454060722
179792,179,0.03828887268900871,0.5548859238624573,0.03896019235253334,0.5486926436424255,1.9511137008666992,-0.6900038123130798,2.0267467498779297,-0.6972140669822693,0.017927417531609535,0.11022810637950897,0.21168400347232819,0.011601466685533524,0.9771595001220703,0.794793963432312,0.6915790438652039,0.8328641653060913,0.009107407182455063,0.10142484307289124,0.15094482898712158,0.007752927951514721,12.925567626953125,4.820396900177002,0.10626384179101199,-0.21202602408274662,0.06563119957169267,0.5343725003272393,1.8092500090681605,-0.6771115454060722
179793,179,0.057219501584768295,0.548254132270813,0.05875879153609276,0.541928768157959,1.8453011512756348,-0.6352682113647461,1.9373383522033691,-0.6532433032989502,0.01694555953145027,0.10966628044843674,0.21095092594623566,0.011406282894313335,0.9713841676712036,0.7970880270004272,0.6965571045875549,0.831333577632904,0.008712676353752613,0.10049213469028473,0.15207190811634064,0.007690391503274441,12.786450386047363,4.958093166351318,0.10658153142496554,-0.2077441490958044,0.08435098077099266,0.5272031993709616,1.9159326490930595,-0.7448315516562987
179794,179,0.07508910447359085,0.5422133803367615,0.07741599529981613,0.5356941223144531,1.7348222732543945,-0.5808557271957397,1.7961195707321167,-0.5981926918029785,0.016088366508483887,0.10759500414133072,0.20716366171836853,0.01123515423387289,0.965937614440918,0.7992921471595764,0.7013250589370728,0.8299115300178528,0.008462987840175629,0.09889484196901321,0.15062765777111053,0.007658126298338175,12.447295188903809,4.312465190887451,0.09616815846455001,-0.19048905535325686,0.10351030726192463,0.5197548838543987,1.9159326490930595,-0.7448315516562987
179795,179,0.09182146191596985,0.5366043448448181,0.09449468553066254,0.5300147533416748,1.6194602251052856,-0.5420399904251099,1.6299155950546265,-0.5413966774940491,0.015338274650275707,0.10398909449577332,0.20027652382850647,0.011084857396781445,0.9608436226844788,0.8015183806419373,0.7058748006820679,0.8285788297653198,0.008261332288384438,0.09613585472106934,0.1470455527305603,0.007572457659989595,12.645611763000488,3.684413433074951,0.08396956966212761,-0.16964559788722455,0.12303625156129333,0.5119979283516625,1.9910610984531982,-0.8080790072846027
179796,179,0.10743824392557144,0.5313094258308411,0.10993041098117828,0.5248499512672424,1.5078918933868408,-0.5202930569648743,1.4689418077468872,-0.49962562322616577,0.014681794680655003,0.09923220425844193,0.190265953540802,0.010952887125313282,0.9560959935188293,0.803870439529419,0.7102377414703369,0.8271956443786621,0.008107501082122326,0.09303051233291626,0.1409010887145996,0.0073006898164749146,13.429665565490723,0.5899906158447266,0.0725499558534078,-0.14496227556795255,0.1429468625458266,0.5039171382788165,1.9910610984531851,-0.8080790072846027
179797,179,0.12198001891374588,0.5257437229156494,0.12378751486539841,0.5198326110839844,1.4144062995910645,-0.5740483403205872,1.3259387016296387,-0.5007813572883606,0.01410683710128069,0.09373974800109863,0.1774713546037674,0.010836976580321789,0.9515450596809387,0.8064673542976379,0.7145382761955261,0.8257306814193726,0.007719638291746378,0.08904813230037689,0.13327756524085999,0.0070726219564676285,15.160975456237793,0.22745847702026367,0.06254607222995517,-0.11818947623124436,0.16302653641995504,0.49560830863459326,2.034635357148537,-0.8668539122909842
179798,179,0.13604317605495453,0.5198734998703003,0.13660189509391785,0.5147692561149597,1.3899909257888794,-0.6048504114151001,1.2395983934402466,-0.5226144194602966,0.013603062368929386,0.08927828818559647,0.16254578530788422,0.01073516346514225,0.9470857381820679,0.8091743588447571,0.7188530564308167,0.8241602182388306,0.007397256325930357,0.0854109600186348,0.12377791106700897,0.006897059269249439,15.198650360107422,0.2395486831665039,0.06362761324979646,-0.09132962257369945,0.18337288999144177,0.48693976951168344,2.0346353571485243,-0.8668539122909842
179799,179,0.14978227019309998,0.5136210322380066,0.14867548644542694,0.5092732906341553,1.3588953018188477,-0.6435297131538391,1.1896569728851318,-0.5749271512031555,0.013161549344658852,0.08520033210515976,0.14756083488464355,0.01064574159681797,0.9427390694618225,0.8119632601737976,0.7231037020683289,0.8224998116493225,0.007171035744249821,0.08212558925151825,0.11348415911197662,0.006721723824739456,14.876749038696289,0.8660745620727539,0.06150335016842351,-0.07367747726146737,0.2037538599150021,0.47811484613095284,2.046655425179096,-0.9211562666754168
179800,179,0.1631084829568863,0.507051944732666,0.16070817410945892,0.5031830072402954,1.3129384517669678,-0.6689614653587341,1.2226232290267944,-0.6365334987640381,0.012775078415870667,0.08160937577486038,0.13227635622024536,0.010567313060164452,0.9385513067245483,0.8148912787437439,0.7272439002990723,0.8206425309181213,0.006985313259065151,0.07992474734783173,0.10271520912647247,0.006313824560493231,15.037261962890625,-2.087996006011963,0.06049270038483698,-0.054069450559194765,0.22422041416679456,0.4689032834641985,2.046655425179109,-0.9211562666754433
179801,179,0.17591823637485504,0.499662309885025,0.1730542927980423,0.4962877333164215,1.2693367004394531,-0.7852325439453125,1.256656527519226,-0.7255231738090515,0.012435662560164928,0.07818190008401871,0.11623772978782654,0.010498319752514362,0.9344199895858765,0.8181455731391907,0.731370747089386,0.8185369372367859,0.006694692187011242,0.0778786763548851,0.09157291799783707,0.006000742316246033,14.380905151367188,-1.6408741474151611,0.05788608684210603,-0.03133784841047102,0.24465024661447587,0.45959804675193267,2.0271213025449013,-0.9709860704379535
179802,179,0.18855500221252441,0.49139049649238586,0.1858452409505844,0.48857876658439636,1.263272762298584,-0.8612913489341736,1.2942075729370117,-0.8116976022720337,0.01213816273957491,0.07696244865655899,0.09992089867591858,0.010437755845487118,0.9302531480789185,0.8214824199676514,0.7355647087097168,0.8162585496902466,0.006315820850431919,0.07694202661514282,0.08016040921211243,0.005769889801740646,14.315364837646484,-0.941094160079956,0.06969081443986856,-0.008094602031084003,0.26492145963992386,0.44988818604755426,2.027121302544888,-0.9709860704379535
179803,179,0.20131948590278625,0.4825275242328644,0.19892066717147827,0.48000502586364746,1.2879128456115723,-0.9113471508026123,1.3127930164337158,-0.899863064289093,0.011877465061843395,0.07709059864282608,0.0865616723895073,0.010384615510702133,0.9259659051895142,0.8248519897460938,0.7397679686546326,0.8137729167938232,0.005848454311490059,0.07779835164546967,0.07057201862335205,0.005425352603197098,14.841747283935547,-2.3047614097595215,0.07711868109415115,0.009925834285153673,0.2851477210864079,0.4401384164087285,1.9801716321007252,-1.0126689515059053
179804,179,0.21441295742988586,0.47289761900901794,0.21201494336128235,0.47046151757240295,1.3336330652236938,-1.0034081935882568,1.3108867406845093,-0.9975402355194092,0.020922711119055748,0.08027072995901108,0.0754891186952591,0.010337930172681808,0.9201866984367371,0.828109860420227,0.7441323399543762,0.8111496567726135,0.011761601082980633,0.08083522319793701,0.06317255645990372,0.005283627193421125,16.90439224243164,-0.8877861499786377,0.08097507860069018,0.022293285494124376,0.3049080509788684,0.4299749831729428,1.9760329892459265,-1.0163433235785675
179805,179,0.228618323802948,0.4628896117210388,0.22551223635673523,0.4602905809879303,1.4783923625946045,-1.016811490058899,1.373982310295105,-1.0494340658187866,0.02960919588804245,0.09037285298109055,0.06622735410928726,0.010296892374753952,0.9138185381889343,0.8305867314338684,0.7488296031951904,0.8087005019187927,0.01776265725493431,0.08773871511220932,0.05718597024679184,0.005644680932164192,16.474132537841797,5.876569747924805,0.09265545761322133,0.03097407775185687,0.324668380871329,0.4198115499371572,1.9394388932178879,-1.0344470675152517
179806,179,0.24436542391777039,0.453858345746994,0.24013203382492065,0.4500270187854767,1.6277918815612793,-0.8474083542823792,1.5166999101638794,-1.0239506959915161,0.028515232726931572,0.09207473695278168,0.058435458689928055,0.010260853916406631,0.9081987142562866,0.833209753036499,0.7536802887916565,0.8063946962356567,0.017712987959384918,0.09124977886676788,0.051555268466472626,0.0056188590824604034,14.95549201965332,3.1955885887145996,0.09247431966919643,0.02103699193972222,0.34361221275165504,0.4092441807515622,1.8933904852821848,-1.0572280260972593
179807,179,0.26067399978637695,0.4452385902404785,0.2556651532649994,0.4398980736732483,1.6571311950683594,-0.8510974645614624,1.607890248298645,-0.9695010185241699,0.0261613167822361,0.08776476234197617,0.051833074539899826,0.010229176841676235,0.9027456045150757,0.8365159034729004,0.7586073875427246,0.8040533661842346,0.01571558602154255,0.08998610079288483,0.0468343161046505,0.005432294216006994,14.619464874267578,0.08554935455322266,0.06287809182373755,0.007364287444451806,0.3625461176044758,0.398671900490591,1.8933904852821584,-1.0572280260972593
179808,179,0.2774054706096649,0.4363124370574951,0.2721896469593048,0.430550754070282,1.7044928073883057,-0.9051609039306641,1.7034417390823364,-0.8950042724609375,0.02411798946559429,0.08337221294641495,0.046213287860155106,0.010201340541243553,0.8971720933914185,0.8401951193809509,0.7635495662689209,0.80170077085495,0.014011349529027939,0.086136594414711,0.04241876304149628,0.005468991119414568,10.787553787231445,2.1533823013305664,0.05773049167574637,0.008581781919659942,0.38046596952631806,0.38777628469460734,1.7791937906536368,-1.093640177994002
179809,179,0.29425135254859924,0.42737698554992676,0.28954648971557617,0.4218212366104126,1.68324613571167,-0.879156231880188,1.7626919746398926,-0.8504032492637634,0.022347858175635338,0.08008744567632675,0.04142824932932854,0.010176963172852993,0.8916919827461243,0.8437280058860779,0.7682957053184509,0.7994568943977356,0.012874341569840908,0.0822785422205925,0.03827260434627533,0.0055910563096404076,6.78065299987793,4.308013916015625,0.06063005930435682,0.006015522974630927,0.3982579074328556,0.3768398829146673,1.7791937906536368,-1.0936401779940284
179810,179,0.31049585342407227,0.41888415813446045,0.3070557713508606,0.4134395122528076,1.5825151205062866,-0.8146845102310181,1.7384014129638672,-0.8162213563919067,0.02095656469464302,0.07591720670461655,0.03731894493103027,0.010155528783798218,0.8863964080810547,0.8470661640167236,0.7728099822998047,0.7973819971084595,0.01181143056601286,0.07799490541219711,0.03491334244608879,0.005690378602594137,8.476608276367188,3.3779263496398926,0.05098959381639473,0.01121063659078364,0.41490134587089567,0.36565180091327015,1.6334429053603086,-1.1255797792688487
179811,179,0.32619184255599976,0.41101017594337463,0.3241693079471588,0.4055977463722229,1.5528579950332642,-0.7663048505783081,1.6751435995101929,-0.7585183382034302,0.02774905599653721,0.07005002349615097,0.033781759440898895,0.010136693716049194,0.8802497982978821,0.850371778011322,0.777225911617279,0.7954660654067993,0.016041003167629242,0.072321817278862,0.03212451934814453,0.0058494494296610355,9.262499809265137,4.370400905609131,0.034503131714297225,0.028914943657862263,0.4312357749245,0.3543960031205816,1.633442905360335,-1.1255797792688487
179812,179,0.34178221225738525,0.40375834703445435,0.340552419424057,0.3983863890171051,1.5600544214248657,-0.6966022849082947,1.5926088094711304,-0.6942737102508545,0.03368781879544258,0.06287751346826553,0.030723795294761658,0.010120120830833912,0.8741515278816223,0.8538205027580261,0.7814478874206543,0.7935032248497009,0.02092684619128704,0.06631064414978027,0.029401198029518127,0.005595027469098568,7.458968162536621,0.6216287612915039,0.01874343273239934,0.03469716333314116,0.446396542484307,0.3429512353187465,1.4628495935163963,-1.1530468299217465
179813,179,0.3567899465560913,0.3961823582649231,0.3555539548397064,0.3912336230278015,1.4783381223678589,-0.7807126641273499,1.4468700885772705,-0.7120035886764526,0.034023217856884,0.055600229650735855,0.028075534850358963,0.010105540044605732,0.8686556816101074,0.8574507832527161,0.7857018709182739,0.7915405631065369,0.021289633587002754,0.0591018982231617,0.027661224827170372,0.005640707910060883,10.819665908813477,2.0665764808654785,-0.001715982498995669,0.03407880836520116,0.4610250384194718,0.33142076701952894,1.4628495935163697,-1.1530468299217729
179814,179,0.3721582293510437,0.38869714736938477,0.36993998289108276,0.38442090153694153,1.5611156225204468,-0.7436822652816772,1.4174562692642212,-0.6804319620132446,0.04419410973787308,0.04942546412348747,0.02578061819076538,0.01009273063391447,0.8622011542320251,0.8609871864318848,0.7899472713470459,0.789573073387146,0.027802232652902603,0.05279320478439331,0.02561848983168602,0.005593041889369488,8.467178344726562,3.1532955169677734,0.001192660239475743,0.04595266023085634,0.4746622531557335,0.31975509382223116,1.2942609115783388,-1.1760413299527748
179815,179,0.38750097155570984,0.3812100291252136,0.38396957516670227,0.37740829586982727,1.5130620002746582,-0.7483029961585999,1.4070006608963013,-0.7154238224029541,0.04244613274931908,0.044158678501844406,0.0237874835729599,0.013980107381939888,0.856647253036499,0.8642881512641907,0.7942202687263489,0.787510335445404,0.027492854744195938,0.04687982425093651,0.024365833029150963,0.008467043749988079,11.870341300964355,4.558477401733398,-0.014526353732284461,0.030993620508038222,0.4876048622715162,0.30799468052270496,1.2942609115783388,-1.1760413299527748
179816,179,0.4032018780708313,0.3742309808731079,0.3986155390739441,0.37049269676208496,1.585198163986206,-0.6863605380058289,1.4916080236434937,-0.695597767829895,0.04134349152445793,0.03965216502547264,0.02205517701804638,0.022922798991203308,0.8511869311332703,0.8673873543739319,0.7985223531723022,0.7851664423942566,0.026441600173711777,0.042387817054986954,0.022913724184036255,0.014551911503076553,11.101739883422852,3.842027187347412,-0.024261926923779764,0.03408640939022847,0.4997673138261391,0.2961438823349199,1.1343886236603054,-1.1945632793618277
179817,179,0.4189308285713196,0.36715996265411377,0.4137563407421112,0.3633805215358734,1.5688074827194214,-0.7219187021255493,1.5372989177703857,-0.7186540961265564,0.03810957074165344,0.03577885776758194,0.020546168088912964,0.042153649032115936,0.8459867238998413,0.870572566986084,0.8026947379112244,0.7821334004402161,0.02455146238207817,0.03905997425317764,0.021547049283981323,0.027147449553012848,9.76401138305664,1.6632890701293945,-0.04528711935635661,0.016710130716299676,0.5111112000627431,0.28419824954130163,1.1343886236603318,-1.1945632793618277
179818,179,0.43423599004745483,0.35921502113342285,0.4291199743747711,0.35586851835250854,1.519262671470642,-0.8377870917320251,1.5488744974136353,-0.7652633190155029,0.03462178260087967,0.03244626522064209,0.019232476130127907,0.050225142389535904,0.8411281704902649,0.8740267157554626,0.8066168427467346,0.7793930768966675,0.02253624051809311,0.036178577691316605,0.019993264228105545,0.032617270946502686,5.114555358886719,3.9363551139831543,-0.05171088096472623,0.011284426775960726,0.5218686195878874,0.2721981067680047,0.9832327297624018,-1.2086126781489845
179819,179,0.44857242703437805,0.35050225257873535,0.4443587064743042,0.34783878922462463,1.3821090459823608,-0.890906810760498,1.506808876991272,-0.8270143866539001,0.0314459428191185,0.029566096141934395,0.018085652962327003,0.049467913806438446,0.8365929126739502,0.8776108622550964,0.810306966304779,0.7769787907600403,0.020204773172736168,0.03353448584675789,0.018963810056447983,0.03213861212134361,7.478184700012207,3.597714900970459,-0.0445950538682906,0.00971977924301723,0.531700946885512,0.260111979986515,0.983232729762349,-1.2086126781489845
179820,179,0.46227937936782837,0.3414521813392639,0.45915618538856506,0.339373916387558,1.3478147983551025,-0.9254763722419739,1.4407377243041992,-0.8752444386482239,0.030276207253336906,0.02707574889063835,0.017085252329707146,0.048932891339063644,0.8320393562316895,0.881365954875946,0.8138395547866821,0.7744220495223999,0.01910206861793995,0.031451594084501266,0.01794527657330036,0.031135909259319305,7.940211296081543,2.4970030784606934,-0.04547905240323591,0.02231519915804636,0.5411230655333389,0.24799827303268007,0.8407932298844696,-1.2181895263141924
179821,179,0.4754573106765747,0.33172813057899475,0.47296446561813354,0.33014190196990967,1.2949333190917969,-1.0081838369369507,1.3300727605819702,-0.963151216506958,0.028783630579710007,0.024911634624004364,0.01620933972299099,0.04889759048819542,0.8275741338729858,0.885496199131012,0.817280113697052,0.7714695930480957,0.017864206805825233,0.030263002961874008,0.017291421070694923,0.029873928055167198,11.131954193115234,-2.2156119346618652,-0.04866998229975003,0.018606328602211897,0.5495309978321841,0.23581637776953812,0.8407932298844696,-1.2181895263141924
179822,179,0.4884640574455261,0.32049018144607544,0.48563915491104126,0.31985294818878174,1.3073561191558838,-1.2063827514648438,1.2245869636535645,-1.0796606540679932,0.027428284287452698,0.023033052682876587,0.015443898737430573,0.04815531149506569,0.8232224583625793,0.8902715444564819,0.8205394148826599,0.7680124044418335,0.01729249767959118,0.0292045921087265,0.016259046271443367,0.028432969003915787,6.3266730308532715,-1.3918983936309814,-0.04336080740452827,0.0181403904411144,0.557687546754851,0.22362488704014505,0.7070701240266409,-1.2232938238575042
179823,179,0.5006714463233948,0.3074403405189514,0.49736860394477844,0.30813777446746826,1.1715484857559204,-1.368349552154541,1.1490062475204468,-1.2424553632736206,0.025220705196261406,0.02139993943274021,0.01477458979934454,0.04411254823207855,0.8193885087966919,0.8954620361328125,0.8234665393829346,0.7643470764160156,0.016328584402799606,0.027988117188215256,0.015298358164727688,0.025380799546837807,5.0676703453063965,-0.5844449996948242,-0.017802913089545652,0.0059307631851232,0.5647582479951174,0.21139194880157008,0.707070124026588,-1.223293823857491
179824,179,0.5116860270500183,0.2932702600955963,0.5085293054580688,0.2947450876235962,1.041094183921814,-1.4554455280303955,1.08285653591156,-1.4284907579421997,0.024211173877120018,0.019974960014224052,0.014187656342983246,0.03960868716239929,0.8159681558609009,0.900952935218811,0.8260117173194885,0.7604312896728516,0.016041003167629242,0.02706976979970932,0.014331016689538956,0.021725155413150787,4.836070537567139,-1.9386601448059082,0.0059591629518521705,0.017229501379147666,0.5717189583447871,0.19915845470159127,0.5921901535382063,-1.2238743932254816
179825,179,0.5212879776954651,0.2780449688434601,0.5187291502952576,0.2793456017971039,0.8975183367729187,-1.5744454860687256,0.969580888748169,-1.6234480142593384,0.027241289615631104,0.02065366692841053,0.013674281537532806,0.03574591502547264,0.8124790787696838,0.9064977765083313,0.8283130526542664,0.7561972141265869,0.018101049587130547,0.027923837304115295,0.013796511106193066,0.018621401861310005,7.4555182456970215,-2.348228693008423,0.02075818754232725,0.027726824753125767,0.5775395924666752,0.18691919899380252,0.5820634121888099,-1.2239255707788672
179826,179,0.5301285982131958,0.26185348629951477,0.527882993221283,0.26242852210998535,0.8589866161346436,-1.668165683746338,0.8586660027503967,-1.7567002773284912,0.04058389738202095,0.039287012070417404,0.013224843889474869,0.03242101892828941,0.8080530166625977,0.9097979068756104,0.830450713634491,0.7516655325889587,0.027244597673416138,0.04570604860782623,0.013235602527856827,0.016033528372645378,6.77891731262207,-0.38604259490966797,0.04251295182562281,0.04294201375620452,0.5833602265885632,0.17467994328601377,0.530570066110892,-1.2221639080016775
179827,179,0.5384747385978699,0.2450718730688095,0.5359878540039062,0.24437464773654938,0.8110961318016052,-1.6886260509490967,0.7644765377044678,-1.8470815420150757,0.04140479862689972,0.059044916182756424,0.01282992772758007,0.029541151598095894,0.8048158884048462,0.9127575755119324,0.8324752449989319,0.7470260858535767,0.029373427852988243,0.06652361899614334,0.012865973636507988,0.014087247662246227,7.162797451019287,0.6789326667785645,0.06256657876442409,0.041541996880315374,0.5880319263392185,0.16247999430558743,0.46577309437097664,-1.2199471087084592
179828,179,0.5464358329772949,0.2283359169960022,0.5432924628257751,0.22586914896965027,0.7779670357704163,-1.6599684953689575,0.7029144763946533,-1.8397979736328125,0.042273689061403275,0.0704868882894516,0.012484492734074593,0.027054650709033012,0.8020146489143372,0.9167149066925049,0.8343483805656433,0.7422896027565002,0.030444467440247536,0.08129517734050751,0.012374228797852993,0.012144061736762524,7.329015731811523,-3.0002450942993164,0.07290409113506993,0.04243304902204548,0.5926896572829291,0.1502805232185014,0.46577309437097664,-1.2199471087084592
179829,179,0.5537059307098389,0.21118362247943878,0.549851655960083,0.20761427283287048,0.6979418396949768,-1.7373493909835815,0.6359543204307556,-1.7882626056671143,0.04195835813879967,0.07507450133562088,0.012181069701910019,0.02489442750811577,0.7994165420532227,0.9215936064720154,0.83623868227005,0.7376344799995422,0.030015524476766586,0.08775653690099716,0.012266911566257477,0.011074050329625607,10.0233793258667,-0.19083619117736816,0.07603726544376516,0.03988432574678741,0.5963921447051078,0.1381622080579328,0.35819917057324685,-1.2108078041667532
179830,179,0.5611172318458557,0.1944834291934967,0.5565237998962402,0.1905764639377594,0.7466847896575928,-1.6392724514007568,0.6715136766433716,-1.6588624715805054,0.044916268438100815,0.09219206869602203,0.011914900504052639,0.023017723113298416,0.7965067625045776,0.9253072142601013,0.838088870048523,0.7331112623214722,0.03185927867889404,0.10320159792900085,0.011979730799794197,0.009833639487624168,9.577140808105469,-1.0495591163635254,0.09603024288648707,0.04543725721850064,0.5999741364108404,0.12605413001626528,0.35819917057324685,-1.2108078041667598
179831,179,0.5683881044387817,0.17825810611248016,0.5632239580154419,0.1743234544992447,0.7161182165145874,-1.5947209596633911,0.6747178435325623,-1.5908352136611938,0.04290506988763809,0.09173713624477386,0.011681435629725456,0.021385543048381805,0.7940974235534668,0.9300616979598999,0.8398330211639404,0.7287502884864807,0.03128199279308319,0.10682983696460724,0.01162880752235651,0.009058513678610325,8.006901741027832,-1.073516607284546,0.08912199660096945,0.02974242316001667,0.602777142656703,0.11405982014674375,0.25934164079551475,-1.1963699987838148
179832,179,0.5752021670341492,0.16272583603858948,0.5699465870857239,0.15879634022712708,0.6586313247680664,-1.5113089084625244,0.6706465482711792,-1.5134559869766235,0.04063887894153595,0.09139701724052429,0.011476602405309677,0.019964119419455528,0.791932225227356,0.934973418712616,0.8415490984916687,0.7248046398162842,0.029498426243662834,0.10537879914045334,0.01149717066437006,0.008640565909445286,9.390058517456055,0.8245754241943359,0.08943927930765108,0.025712145854043522,0.6053705590646583,0.10209612015890618,0.25934164079551475,-1.1963699987838148
179833,179,0.5819443464279175,0.14858628809452057,0.5767898559570312,0.14441721141338348,0.6688597798347473,-1.349316954612732,0.677800714969635,-1.384719967842102,0.03863293677568436,0.0901433527469635,0.011297265999019146,0.018727753311395645,0.7897884249687195,0.9395744800567627,0.8432218432426453,0.7211910486221313,0.02791006863117218,0.10332486033439636,0.011308733373880386,0.008079182356595993,9.890623092651367,-0.2835261821746826,0.08288702598278633,0.02529639983374439,0.6073438152863649,0.09026820358716237,0.16920050503783327,-1.1766336925598029
179834,179,0.5885316133499146,0.13553690910339355,0.5833989977836609,0.13112366199493408,0.6512846350669861,-1.2576781511306763,0.6490589380264282,-1.2709628343582153,0.03544420376420021,0.08598923683166504,0.011139102280139923,0.017643295228481293,0.7876818180084229,0.9440431594848633,0.8449844121932983,0.7179319262504578,0.025202181190252304,0.09835802763700485,0.011399814859032631,0.007864958606660366,12.643373489379883,0.5790495872497559,0.0619329665135985,0.014203612365139756,0.6090358203367437,0.07850186666156354,0.16920050503788614,-1.1766336925598029
179835,179,0.5955454111099243,0.12383560091257095,0.5900849103927612,0.11932740360498428,0.7217965722084045,-1.115395188331604,0.6730648279190063,-1.1201837062835693,0.032160934060811996,0.08071662485599518,0.0110006807371974,0.016699012368917465,0.7855093479156494,0.9483686685562134,0.8467528223991394,0.7149525880813599,0.022771093994379044,0.09228803962469101,0.01118359062820673,0.00737914489582181,10.647778511047363,-0.12221813201904297,0.049674549884883484,0.006526173822463524,0.6102490576864552,0.06688273139432388,0.08777576330025526,-1.1515988854946375
179836,179,0.6025131940841675,0.11299332231283188,0.5967416763305664,0.10858794301748276,0.6816364526748657,-1.0471988916397095,0.6681652665138245,-1.024059772491455,0.029317528009414673,0.07305727899074554,0.015394504182040691,0.015871696174144745,0.7834276556968689,0.9526832103729248,0.848131537437439,0.7122086882591248,0.02063191495835781,0.08388447761535645,0.01477206964045763,0.007115794811397791,9.861998558044434,0.35120248794555664,0.027333366969309825,-0.01601106891857275,0.6111268153194579,0.05536674253937679,0.08777576330025526,-1.1515988854946277
179837,179,0.6090961694717407,0.10302884131669998,0.6034147143363953,0.09891892224550247,0.6387684345245361,-0.9520435333251953,0.6643652319908142,-0.918438196182251,0.026858558878302574,0.06484144181013107,0.021725710481405258,0.015148784965276718,0.781354546546936,0.9568699598312378,0.8493514657020569,0.7097284197807312,0.018520450219511986,0.074396051466465,0.020308982580900192,0.006859969347715378,12.616429328918457,-0.5395150184631348,0.01467265683840202,-0.02269398625997203,0.6116497649493343,0.04399877658337063,0.015067415582674975,-1.121265577588303
179838,179,0.6156795620918274,0.09394823759794235,0.6100788116455078,0.09031921625137329,0.6606854200363159,-0.8786273002624512,0.6587743759155273,-0.8199424743652344,0.024723995476961136,0.057259537279605865,0.028086911886930466,0.01451563835144043,0.7792274951934814,0.960881233215332,0.8505390882492065,0.7073522806167603,0.016888171434402466,0.06572756916284561,0.025814544409513474,0.006443657912313938,12.44672966003418,-1.6993403434753418,-0.0035018508784631364,-0.02907430060824681,0.6118004391051612,0.032786120807486836,0.015067415582674975,-1.121265577588303
179839,179,0.6221162676811218,0.08519627153873444,0.6164999008178711,0.0823374018073082,0.6328595280647278,-0.8660050630569458,0.6337738633155823,-0.7772260308265686,0.02287081629037857,0.05083995312452316,0.04319533705711365,0.01923586241900921,0.7773087024688721,0.9648146033287048,0.8510069251060486,0.7046404480934143,0.01601964421570301,0.05877528339624405,0.037893399596214294,0.008740108460187912,8.853828430175781,-3.601168394088745,-0.019946626185010752,-0.04580338214927338,0.6117028321673628,0.021711712169446153,-0.048924538114801845,-1.0856337688408215
179840,179,0.6274319887161255,0.07600528746843338,0.622257649898529,0.07430919259786606,0.4697476327419281,-0.9385873079299927,0.5436065793037415,-0.803552508354187,0.02125878632068634,0.04537408426403999,0.05371236056089401,0.02639181725680828,0.7758434414863586,0.9687022566795349,0.8514261841773987,0.7017292976379395,0.015357892960309982,0.05265301838517189,0.04652360826730728,0.012561962939798832,8.83418083190918,-3.06485652923584,-0.027535522965389914,-0.05569945391231866,0.6112135867862145,0.010855374481038486,-0.048924538114801845,-1.0856337688408224
179841,179,0.631528913974762,0.06658175587654114,0.6272526979446411,0.0662669911980629,0.351862370967865,-0.9507406949996948,0.451733261346817,-0.8122201561927795,0.019853008911013603,0.04069389030337334,0.05232776701450348,0.02574184164404869,0.7748029232025146,0.9725120663642883,0.8522233963012695,0.6991003751754761,0.014726530760526657,0.047433000057935715,0.04576766490936279,0.012242958880960941,10.027715682983398,-2.80045747756958,-0.021260912246540364,-0.04349831307619611,0.6105651544329017,0.00011691116769110225,-0.10420009779233382,-1.0447034592521818
179842,179,0.6346625089645386,0.057117119431495667,0.6311932802200317,0.057987697422504425,0.27071383595466614,-0.9499386548995972,0.3339747190475464,-0.8582979440689087,0.018628401681780815,0.03668180853128433,0.050198283046483994,0.025398271158337593,0.7740451693534851,0.9761377573013306,0.8529710173606873,0.6965963840484619,0.014030320569872856,0.04244846850633621,0.04372500255703926,0.012204432860016823,10.503339767456055,0.3032684326171875,-0.023023147773373054,-0.03653349149360205,0.6095231534549783,-0.010330123424831429,-0.10420009779233382,-1.0447034592521813
179843,179,0.6371437311172485,0.048185382038354874,0.6340236067771912,0.0491480827331543,0.21322615444660187,-0.8602948188781738,0.22307440638542175,-0.9223015904426575,0.01755973882973194,0.03322857618331909,0.047948241233825684,0.026334859430789948,0.7734426856040955,0.9793878197669983,0.8536329865455627,0.6942956447601318,0.01324189268052578,0.038035061210393906,0.041772421449422836,0.01288793794810772,12.826671600341797,1.2842893600463867,-0.026490588318911296,-0.033412832097033496,0.6083936268383116,-0.020690253406756197,-0.15075926344976232,-0.9984746488223865
179844,179,0.639291524887085,0.04013697803020477,0.635807454586029,0.03977671638131142,0.2020696997642517,-0.7706615328788757,0.13121145963668823,-0.9555724263191223,0.01662476174533367,0.030242830514907837,0.04600172117352486,0.04112352803349495,0.773124635219574,0.9825623631477356,0.854011058807373,0.6913633346557617,0.013263911940157413,0.0353035032749176,0.03919149935245514,0.019878311082720757,9.61954116821289,-3.5516834259033203,-0.04362038955095657,-0.03337246338350793,0.6068860342038138,-0.03067499989497955,-0.15075926344976232,-0.9984746488223865
179845,179,0.6401283740997314,0.03137370944023132,0.636147141456604,0.02974797785282135,0.024353884160518646,-0.9284335374832153,-0.008123766630887985,-0.9908174872398376,0.015807384625077248,0.027659641578793526,0.045170482248067856,0.05909758061170578,0.7733989953994751,0.9860432147979736,0.8539468050003052,0.6879341006278992,0.013359366916120052,0.033165644854307175,0.037522170692682266,0.028392691165208817,7.153997421264648,-4.300558567047119,-0.06246241945347869,-0.039755289784772635,0.605345144475953,-0.04061440853875365,-0.1855364080125649,-0.9511215434480318
179846,179,0.6393376588821411,0.021263761445879936,0.6354776620864868,0.019960038363933563,-0.14824318885803223,-1.068763017654419,-0.10786638408899307,-0.9588800668716431,0.015093361958861351,0.025423593819141388,0.04174784570932388,0.05673474818468094,0.7741603255271912,0.9898813366889954,0.8536848425865173,0.6848509907722473,0.013253426179289818,0.031379055231809616,0.034464508295059204,0.026914512738585472,8.539729118347168,-4.5253705978393555,-0.04183818016100077,-0.01927704157074228,0.6034591241250812,-0.05008388191426863,-0.1886020350871931,-0.9469473375514328
179847,179,0.637410044670105,0.010053616017103195,0.6339506506919861,0.01053502969443798,-0.236427903175354,-1.170593023300171,-0.2029741108417511,-0.9426124095916748,0.014467586763203144,0.023479118943214417,0.037585675716400146,0.05189499631524086,0.7752474546432495,0.9940633773803711,0.8532527089118958,0.6816036701202393,0.01316223107278347,0.02969766966998577,0.0306913610547781,0.023814646527171135,8.90739917755127,-5.126104354858398,-0.021124151232360694,0.0036666180133185337,0.6015731037742093,-0.059553355289783616,-0.2014991934301282,-0.9217848711986193
179848,179,0.6345736980438232,-0.0021831674966961145,0.6312785148620605,0.000569656491279602,-0.32327330112457275,-1.2599800825119019,-0.32244423031806946,-1.068067193031311,0.015490050427615643,0.021787770092487335,0.0340040922164917,0.04627218842506409,0.7763358950614929,0.9984101057052612,0.8527079820632935,0.6782141327857971,0.013871248811483383,0.028026007115840912,0.027649765834212303,0.020484650507569313,11.92850112915039,-5.671215057373047,-0.002815742133178839,0.01564176813167468,0.5993993183111417,-0.06846139646755427,-0.21772841270457324,-0.8901215254393259
179849,179,0.6314556002616882,-0.01500367745757103,0.6276788711547852,-0.011066610924899578,-0.3163285553455353,-1.3092745542526245,-0.39681389927864075,-1.258805751800537,0.027506763115525246,0.021032480522990227,0.030907893553376198,0.04145625978708267,0.776213526725769,1.0028140544891357,0.8520050048828125,0.6746104955673218,0.023072099313139915,0.027264032512903214,0.024687716737389565,0.017440082505345345,9.989784240722656,-5.5893754959106445,0.015759864382888844,0.029239669545335814,0.5972220341840964,-0.07736261172194707,-0.21772841270457324,-0.8901215254393259
179850,179,0.6278618574142456,-0.028514651581645012,0.6233515739440918,-0.02472696639597416,-0.3804333209991455,-1.3781070709228516,-0.44767019152641296,-1.4370309114456177,0.028777597472071648,0.02934274636209011,0.028236525133252144,0.0373351015150547,0.7772336602210999,1.0059409141540527,0.8512275218963623,0.6709122061729431,0.025182973593473434,0.0347953736782074,0.022492868825793266,0.015168738551437855,10.408706665039062,-2.947869300842285,0.03068176756860705,0.028985266815123388,0.5948635118543563,-0.08571217053969585,-0.23813839630184996,-0.8279972124860627
179851,179,0.624148428440094,-0.04201454669237137,0.6190353035926819,-0.03941286355257034,-0.37923458218574524,-1.3433293104171753,-0.43045634031295776,-1.5022742748260498,0.038633160293102264,0.04702932760119438,0.025921864435076714,0.03378897160291672,0.7775564789772034,1.007636308670044,0.850408673286438,0.6672362089157104,0.03242189437150955,0.051622431725263596,0.02051650732755661,0.013299568556249142,10.478097915649414,-2.251647710800171,0.05015909924590853,0.04031810484155467,0.5924821278913376,-0.09399214266455702,-0.23813839630184996,-0.8279972124860627
179852,179,0.6203629374504089,-0.055158693343400955,0.6148391366004944,-0.05452578142285347,-0.3764067590236664,-1.2870901823043823,-0.4111885726451874,-1.5132930278778076,0.04146042466163635,0.05399494990706444,0.023909253999590874,0.030723880976438522,0.778454601764679,1.0102611780166626,0.8495584726333618,0.6636546850204468,0.035692065954208374,0.06096871197223663,0.01885068044066429,0.011720090173184872,10.48548698425293,-3.3195412158966064,0.05525032280105094,0.04193529930748315,0.5900085998470853,-0.10174083111555463,-0.24983198587912894,-0.7605743986916399
179853,179,0.6165487170219421,-0.0679531916975975,0.6107306480407715,-0.06956861913204193,-0.3777541220188141,-1.268059253692627,-0.4033950865268707,-1.4716041088104248,0.043130844831466675,0.05635271966457367,0.022162029519677162,0.02807692624628544,0.7796078324317932,1.0136827230453491,0.8487074375152588,0.6600843667984009,0.03735431656241417,0.06489440053701401,0.017401285469532013,0.01019559521228075,10.263826370239258,-4.922194480895996,0.05680750127717393,0.043428414945715685,0.5875102799882936,-0.10934657510247245,-0.24983198587912894,-0.7605743986916464
179854,179,0.612716794013977,-0.08088384568691254,0.6067071557044983,-0.08360236883163452,-0.37783491611480713,-1.301959753036499,-0.39237821102142334,-1.3312172889709473,0.0452079214155674,0.06301257014274597,0.020641716197133064,0.02578413300216198,0.7805763483047485,1.0167441368103027,0.8480514883995056,0.656571626663208,0.038247138261795044,0.07095209509134293,0.016568465158343315,0.009113520383834839,14.09537124633789,-4.003052711486816,0.06436102226912344,0.045590210245908445,0.5849914773816897,-0.11645200517998869,-0.25280918143635733,-0.6878530840560638
179855,179,0.6098261475563049,-0.09348239004611969,0.603334367275238,-0.09587273001670837,-0.23794977366924286,-1.2393447160720825,-0.3031822443008423,-1.16302490234375,0.04724350944161415,0.07767226547002792,0.01931462064385414,0.023790493607521057,0.7810726761817932,1.0187467336654663,0.8476992249488831,0.6532095074653625,0.03895772993564606,0.08387860655784607,0.015881942585110664,0.008229943923652172,15.532822608947754,-3.4597253799438477,0.08070140966153941,0.04760492357857683,0.5824633855673258,-0.12333053602054977,-0.2528091814364102,-0.6878530840560572
179856,179,0.6082230806350708,-0.10539823025465012,0.6009521484375,-0.10687261819839478,-0.10507379472255707,-1.1528449058532715,-0.18403325974941254,-1.0593149662017822,0.044524338096380234,0.08197927474975586,0.01815805584192276,0.02205900102853775,0.781623899936676,1.021314263343811,0.8475367426872253,0.6499745845794678,0.03721193969249725,0.09084446728229523,0.015107154846191406,0.007417383138090372,13.868810653686523,-5.568830966949463,0.08294131684724163,0.026817610933379414,0.57996903955053,-0.12975031971785722,-0.24706998297358798,-0.6098332685793347
179857,179,0.6073168516159058,-0.11691057682037354,0.5995370149612427,-0.11736198514699936,-0.05796963348984718,-1.1255173683166504,-0.08792755752801895,-1.0245321989059448,0.03996984288096428,0.08183632791042328,0.017148148268461227,0.020551569759845734,0.7822339534759521,1.0244029760360718,0.8475708961486816,0.6469752192497253,0.033348795026540756,0.09147218614816666,0.014548737555742264,0.007009393069893122,13.739187240600586,-4.7837982177734375,0.08099235191691483,0.004536453456088361,0.5774983397207946,-0.1358486524036502,-0.24706998297358798,-0.6098332685793347
179858,179,0.6071773767471313,-0.12760484218597412,0.5992743968963623,-0.12732695043087006,0.022577162832021713,-1.0215017795562744,0.023139189928770065,-0.9781948328018188,0.03605945408344269,0.08687589317560196,0.016265830025076866,0.01923798955976963,0.7826322317123413,1.0269665718078613,0.8477210402488708,0.6442230343818665,0.029858846217393875,0.09497208893299103,0.013840717263519764,0.006382720544934273,12.177045822143555,-6.107907295227051,0.08804181929925843,-0.00616140264354053,0.5750981814459677,-0.1415404017140188,-0.2326143904907152,-0.5265149522614327
179859,179,0.6074780225753784,-0.1375589817762375,0.5997651815414429,-0.13713207840919495,0.04299322888255119,-0.9639475345611572,0.07596101611852646,-0.9724709391593933,0.03269302099943161,0.08629673719406128,0.022323759272694588,0.018092485144734383,0.7830091714859009,1.0296911001205444,0.8473594784736633,0.641586422920227,0.027396712452173233,0.09552145004272461,0.018300315365195274,0.0059191021136939526,7.800924777984619,-6.11128568649292,0.08291369849016053,-0.023304866948207964,0.5727720375410604,-0.14680555123663355,-0.2326143904907152,-0.5265149522614327
179860,179,0.607282280921936,-0.14704833924770355,0.6003518104553223,-0.14694979786872864,-0.0538460910320282,-0.9170775413513184,0.05049286037683487,-0.9685276746749878,0.02978113852441311,0.08597006648778915,0.030803989619016647,0.0170906875282526,0.7835752367973328,1.0323295593261719,0.846673309803009,0.6392266154289246,0.025303903967142105,0.09427044540643692,0.024951525032520294,0.005742055829614401,7.439160346984863,-4.397368431091309,0.08406282916047705,-0.032179891761977275,0.5705357981603627,-0.1517268781533339,-0.20944240398784464,-0.43789813510238434
179861,179,0.6064492464065552,-0.1555217206478119,0.6006770133972168,-0.15624187886714935,-0.11719419062137604,-0.7952784895896912,0.0028694630600512028,-0.8952064514160156,0.02725781686604023,0.08687093108892441,0.029705233871936798,0.01621418632566929,0.7843862771987915,1.0345678329467773,0.8463220000267029,0.6371712684631348,0.023760860785841942,0.09387476742267609,0.024138856679201126,0.005534475203603506,7.233941555023193,-4.3004045486450195,0.08707193201475072,-0.022228176683691703,0.5684413741204842,-0.15610585950435865,-0.2094424039877918,-0.43789813510239756
179862,179,0.604835033416748,-0.16295678913593292,0.6002069711685181,-0.1646329164505005,-0.20007392764091492,-0.7050471305847168,-0.0944884866476059,-0.7812144160270691,0.025071676820516586,0.08549091964960098,0.027939943596720695,0.015448329970240593,0.7855578660964966,1.0366902351379395,0.8457918763160706,0.6353173851966858,0.02260299026966095,0.09259115159511566,0.022283947095274925,0.005303439684212208,5.643553733825684,-4.617947578430176,0.0774379509106607,-0.015865280615754044,0.5664387847860759,-0.16021437602066146,-0.17755402346492352,-0.3439828171021894
179863,179,0.6021190881729126,-0.16969552636146545,0.5985325574874878,-0.17182041704654694,-0.32484638690948486,-0.642328143119812,-0.22831419110298157,-0.6533018946647644,0.023172246292233467,0.0835065171122551,0.025663083419203758,0.01477801613509655,0.7870712280273438,1.0387288331985474,0.8450803756713867,0.6336641907691956,0.021359195932745934,0.09026147425174713,0.02023109421133995,0.005146011244505644,7.271454334259033,-5.312106609344482,0.07187977939299736,-0.004559410329813111,0.564663244551427,-0.16365420419168358,-0.17755402346487065,-0.3439828171021894
179864,179,0.5986067056655884,-0.17572906613349915,0.595632016658783,-0.17753583192825317,-0.3792637884616852,-0.5739468932151794,-0.3495500087738037,-0.5097813010215759,0.022196870297193527,0.08147219568490982,0.023685244843363762,0.01419088989496231,0.7886910438537598,1.040628433227539,0.8442085981369019,0.6321797966957092,0.020691297948360443,0.08772090077400208,0.018369683995842934,0.004990747664123774,7.655484676361084,-5.682830810546875,0.06949852958718733,0.015406831741077688,0.5629640364154687,-0.16690752230085934,-0.13694924892189891,-0.2447689982608348
179865,179,0.5945206880569458,-0.1811734288930893,0.5914841294288635,-0.18205861747264862,-0.4346398711204529,-0.5188812017440796,-0.4672648310661316,-0.4092429578304291,0.02646719478070736,0.07931321114301682,0.021965131163597107,0.013676554895937443,0.7898032069206238,1.0422892570495605,0.8432543873786926,0.6309694051742554,0.02377430535852909,0.08439779281616211,0.016886023804545403,0.005164813715964556,9.213922500610352,-3.0498063564300537,0.06654051875734407,0.02711497877533181,0.5615945439262499,-0.16935521228346753,-0.13694924892189891,-0.2447689982608348
179866,179,0.5902700424194336,-0.1855052411556244,0.5865828394889832,-0.18550384044647217,-0.42862337827682495,-0.36987826228141785,-0.5154165625572205,-0.3093600571155548,0.03824235498905182,0.07720644772052765,0.020469848066568375,0.013226574286818504,0.7899384498596191,1.0435314178466797,0.8423322439193726,0.6302271485328674,0.03241366147994995,0.08068448305130005,0.01584460400044918,0.005376772023737431,12.16318130493164,-1.99349045753479,0.0646471768635047,0.04025619002241474,0.5602684481409016,-0.1717109439787879,-0.09162356755906952,-0.14872317780618385
179867,179,0.5864490270614624,-0.18818767368793488,0.5815621018409729,-0.18810489773750305,-0.35477757453918457,-0.19351574778556824,-0.49195072054862976,-0.23170635104179382,0.04442181810736656,0.07309229671955109,0.01916486769914627,0.012831706553697586,0.7904263734817505,1.0444691181182861,0.841383159160614,0.6299335360527039,0.03867926448583603,0.07558993995189667,0.014545564539730549,0.005826571024954319,8.067011833190918,0.2028489112854004,0.04840306150543021,0.04548488826207493,0.5593921673373128,-0.17311351076457113,-0.08762808035882373,-0.1402566785783073
179868,179,0.5824556350708008,-0.18920576572418213,0.5767329335212708,-0.19019848108291626,-0.4197402894496918,-0.022037073969841003,-0.4639756679534912,-0.17536982893943787,0.043802693486213684,0.06630364805459976,0.018029948696494102,0.012486596591770649,0.7918246388435364,1.0452016592025757,0.8404011726379395,0.6301178336143494,0.03926583379507065,0.0687117651104927,0.013713396154344082,0.005855417810380459,9.372196197509766,-0.5231678485870361,0.024781847746858862,0.03973882399963909,0.5585158865337241,-0.17451607755035436,0.22139257817836247,-0.09165460465575853
179869,179,0.578353762626648,-0.18869860470294952,0.5723345875740051,-0.19114096462726593,-0.40570971369743347,0.1105390340089798,-0.42255815863609314,-0.006837552413344383,0.06484304368495941,0.05851525813341141,0.017037399113178253,0.012183521874248981,0.7913713455200195,1.04583740234375,0.8394185900688171,0.6305766701698303,0.05334051325917244,0.060791317373514175,0.012871203944087029,0.00594000518321991,9.539341926574707,-1.664118766784668,0.0007473750207148519,0.06914894808657562,0.5645345636821294,-0.17483422086211475,0.6102506424418167,-0.03049588318328916
179870,179,0.5743960738182068,-0.1872379034757614,0.5682471394538879,-0.190190389752388,-0.375747412443161,0.18305067718029022,-0.3907212018966675,0.19242224097251892,0.08358824253082275,0.05188765004277229,0.01616637408733368,0.019529541954398155,0.7906802892684937,1.04623544216156,0.8384513854980469,0.6309688091278076,0.06859256327152252,0.05339648574590683,0.01229191105812788,0.009400105103850365,8.414020538330078,-1.9393765926361084,-0.02049209238205948,0.08729878561047788,0.5706370701065481,-0.1751391796939478,0.6102506424417637,-0.03049588318328916
179871,179,0.5707632899284363,-0.18513505160808563,0.5644868612289429,-0.18740183115005493,-0.3431747853755951,0.23591169714927673,-0.35860490798950195,0.3475418984889984,0.0974842980504036,0.0462624728679657,0.015406248159706593,0.03082825243473053,0.7902949452400208,1.0462656021118164,0.8376538157463074,0.6314299702644348,0.08007942140102386,0.04710876941680908,0.011888284236192703,0.01467571035027504,8.744928359985352,-1.056910753250122,-0.0326049105559716,0.1007140483855014,0.5756219267503675,-0.174424646881807,0.4843874781065452,0.08431328740960922
179872,179,0.5678059458732605,-0.18229520320892334,0.5612808465957642,-0.1832161396741867,-0.25784218311309814,0.31649500131607056,-0.29106980562210083,0.4661582112312317,0.1098896935582161,0.041455261409282684,0.014741134829819202,0.041082579642534256,0.7899943590164185,1.0460505485534668,0.836924135684967,0.6320122480392456,0.09059704840183258,0.04213179647922516,0.01127045601606369,0.01940404251217842,4.940438270568848,-1.8799281120300293,-0.042822430786471403,0.11297552189909871,0.5804658015314331,-0.17358151400771088,0.4843874781065981,0.08431328740960922
179873,179,0.5650078058242798,-0.17918141186237335,0.5584133863449097,-0.17845256626605988,-0.2816159725189209,0.32068246603012085,-0.2699319124221802,0.49105554819107056,0.11329950392246246,0.037335362285375595,0.014159291051328182,0.0543123222887516,0.7903530597686768,1.0456993579864502,0.8361903429031372,0.6325178742408752,0.09604126214981079,0.037959977984428406,0.01083871815353632,0.025457732379436493,4.200594425201416,-3.15640926361084,-0.05680520189963803,0.11419592606268819,0.584353132857893,-0.1717943122620907,0.362996864393302,0.20412080807174518
179874,179,0.562153697013855,-0.176042839884758,0.5557845830917358,-0.17373791337013245,-0.2769715487957001,0.3177851438522339,-0.2508738040924072,0.4487897753715515,0.12708617746829987,0.03379783034324646,0.013650663197040558,0.058505162596702576,0.7903332710266113,1.0452967882156372,0.8355224132537842,0.6332488059997559,0.1044817641377449,0.034571558237075806,0.01050084549933672,0.02756728231906891,4.719748497009277,-4.375375747680664,-0.05938992198479093,0.1310777177729387,0.5879831015018254,-0.16975310418137338,0.36299686439324913,0.20412080807174518
179875,179,0.5595810413360596,-0.1730070561170578,0.5533769130706787,-0.16972854733467102,-0.2319880723953247,0.2953106164932251,-0.2262382060289383,0.35608771443367004,0.1389002501964569,0.030736327171325684,0.013203820213675499,0.05912595987319946,0.7900565266609192,1.0448135137557983,0.8349525928497314,0.6341416239738464,0.11357423663139343,0.0312621183693409,0.010222291573882103,0.028325963765382767,3.1465721130371094,-0.9429430961608887,-0.05924896079037215,0.14231354448149708,0.5908086879159009,-0.16685324670172053,0.24607880130187548,0.32892667880310555
179876,179,0.5574691295623779,-0.1696425825357437,0.5513585209846497,-0.1665048450231552,-0.19543083012104034,0.3571898937225342,-0.18773362040519714,0.29028916358947754,0.1446133553981781,0.028087148442864418,0.012811971828341484,0.05858401954174042,0.7899907231330872,1.0441242456436157,0.8345103859901428,0.6352360844612122,0.11919423192739487,0.02831791341304779,0.010102197527885437,0.02852736786007881,3.941173553466797,0.2811121940612793,-0.05518195412179128,0.14630667909492673,0.5932694759289199,-0.16356397991368923,0.24607880130187548,0.32892667880310555
179877,179,0.5558863282203674,-0.16572026908397675,0.5497264266014099,-0.16369150578975677,-0.13232643902301788,0.4119139313697815,-0.1476348489522934,0.27346789836883545,0.14827878773212433,0.025792196393013,0.012468523345887661,0.06216587498784065,0.7900400757789612,1.043250560760498,0.834187388420105,0.6363382339477539,0.12255525588989258,0.025766927748918533,0.009912514127790928,0.030451448634266853,2.626771926879883,0.9796738624572754,-0.0628851707876096,0.14939815947994584,0.595069097835587,-0.15951147989944908,0.1336332888324772,0.45873089960370345
179878,179,0.5546642541885376,-0.1613951325416565,0.5484129190444946,-0.16092410683631897,-0.10953275859355927,0.4472484588623047,-0.11465517431497574,0.2867775559425354,0.14799627661705017,0.023796111345291138,0.012166786938905716,0.06834694743156433,0.7902800440788269,1.0422776937484741,0.8339393138885498,0.6373774409294128,0.12345699220895767,0.023811284452676773,0.00976709183305502,0.033365342766046524,2.9436302185058594,-0.9308910369873047,-0.06954786338254355,0.14658115132598387,0.5964054307239117,-0.1549241709034112,0.1336332888324772,0.45873089960370345
179879,179,0.553695797920227,-0.15710286796092987,0.5473885536193848,-0.15786369144916534,-0.07999977469444275,0.4088174104690552,-0.08632203191518784,0.33847716450691223,0.14805763959884644,0.02206253632903099,0.01190237607806921,0.07201477140188217,0.7905494570732117,1.0414273738861084,0.8337886929512024,0.6383008360862732,0.12309006601572037,0.022410601377487183,0.00965147465467453,0.034883543848991394,2.9146504402160645,-2.2222232818603516,-0.07277373507254747,0.14807613522048405,0.5972148685281453,-0.14967904155402995,0.02566032698489561,0.593533470473539
179880,179,0.5530542731285095,-0.15350833535194397,0.5466940402984619,-0.15406417846679688,-0.04482651874423027,0.3216055631637573,-0.050460394471883774,0.41968023777008057,0.1478777825832367,0.02055693231523037,0.011670917272567749,0.07080632448196411,0.7907148599624634,1.040730595588684,0.8337512612342834,0.6391914486885071,0.12221230566501617,0.021043643355369568,0.009579900652170181,0.03447163850069046,2.65047550201416,-0.8099079132080078,-0.06345575434330908,0.14697182018949143,0.5974714717979945,-0.1437437068492942,0.02566032698489561,0.593533470473539
179881,179,0.5528541803359985,-0.15040086209774017,0.5464991927146912,-0.14951060712337494,-0.001968147698789835,0.2967095971107483,0.0017830883152782917,0.4705948829650879,0.147163987159729,0.019241977483034134,0.011467418633401394,0.06707534193992615,0.790780246257782,1.040126919746399,0.833794116973877,0.6400720477104187,0.12116240710020065,0.019853143021464348,0.009509384632110596,0.0328010618686676,2.867612838745117,-1.703118085861206,-0.044282704015579565,0.14357439424947094,0.5973265059047701,-0.13726596136421812,-0.07784008424065775,0.7333343914125989
179882,179,0.5529866218566895,-0.1476496309041977,0.5466692447662354,-0.145085871219635,0.028287114575505257,0.2637263238430023,0.03228454291820526,0.40489107370376587,0.14545685052871704,0.018093345686793327,0.01128861028701067,0.062140706926584244,0.7907903790473938,1.0395283699035645,0.8339253067970276,0.6409804821014404,0.11952615529298782,0.0185855720192194,0.009449116885662079,0.03075779788196087,2.322671413421631,-0.3843069076538086,-0.03168720289483166,0.1368629009873906,0.5965481050623633,-0.12993261745009252,-0.07784008424065775,0.7333343914125989
179883,179,0.553436279296875,-0.14486704766750336,0.5472063422203064,-0.1415894478559494,0.04913917928934097,0.2833994925022125,0.06463053077459335,0.2961297333240509,0.14303787052631378,0.017091404646635056,0.011131816543638706,0.055830832570791245,0.7907826900482178,1.0388818979263306,0.8340967297554016,0.6419698596000671,0.1175571158528328,0.017564069479703903,0.009364376775920391,0.027884822338819504,2.3209261894226074,-1.0758388042449951,-0.01623213021159707,0.13078250811384975,0.5954845158766563,-0.12218226902876798,-0.1768679448443415,0.8781336624208899
179884,179,0.5540465116500854,-0.14202721416950226,0.5479626655578613,-0.1390952169895172,0.06867019832134247,0.28203651309013367,0.08392143994569778,0.2151220142841339,0.13992224633693695,0.016216153278946877,0.010994222946465015,0.04962907359004021,0.7907756567001343,1.0382094383239746,0.8343244194984436,0.642971932888031,0.11495231091976166,0.016609197482466698,0.009310293011367321,0.025036167353391647,2.324080467224121,-0.44304966926574707,-0.0065562764301894325,0.12402361577214259,0.5937158364282126,-0.11340093240455851,-0.1768679448443415,0.8781336624208832
179885,179,0.5548596382141113,-0.13913387060165405,0.5489268898963928,-0.13712112605571747,0.08908873051404953,0.2922540009021759,0.1040206030011177,0.18495596945285797,0.13614621758460999,0.015450354665517807,0.010873359628021717,0.04433892294764519,0.7907963395118713,1.0374830961227417,0.8345266580581665,0.6439914107322693,0.1124628409743309,0.01567402482032776,0.009082959033548832,0.02264193817973137,-0.37573933601379395,1.4468598365783691,0.006848164200333164,0.11673509191859197,0.5917694043549987,-0.10433799424643271,-0.27142325482615565,1.0279312834984118
179886,179,0.5555108189582825,-0.1360650509595871,0.5499213933944702,-0.13532984256744385,0.04080076143145561,0.3258201777935028,0.09290223568677902,0.18230615556240082,0.13149821758270264,0.020208129659295082,0.010767397470772266,0.03981925919651985,0.791061520576477,1.035871982574463,0.8345191478729248,0.6451355218887329,0.11065085977315903,0.018965985625982285,0.008668999187648296,0.020793620496988297,-3.2170379161834717,3.550708293914795,0.020988983346606836,0.10730150453696369,0.5890551718067372,-0.09405868141144665,-0.2714232548261028,1.0279312834984118
179887,179,0.5552859306335449,-0.13235972821712494,0.5505571365356445,-0.13333739340305328,-0.07327404618263245,0.4113411605358124,0.0318901464343071,0.22992092370986938,0.12776507437229156,0.03024636022746563,0.010673933662474155,0.035917215049266815,0.7916927337646484,1.0332914590835571,0.8341996669769287,0.6464433670043945,0.10969673842191696,0.027081189677119255,0.008232981897890568,0.019160892814397812,-4.0674567222595215,2.945404052734375,0.03169588460461313,0.10827036646537253,0.5862616772509911,-0.08364316671596325,-0.3542084475940293,1.1701872978806314
179888,179,0.5538532733917236,-0.12796808779239655,0.5502836108207703,-0.13035885989665985,-0.19158492982387543,0.4676736295223236,-0.06828124076128006,0.37760236859321594,0.12639296054840088,0.03542467579245567,0.010592115111649036,0.03256828710436821,0.7926008105278015,1.0309873819351196,0.8336336016654968,0.6479780673980713,0.10932314395904541,0.0316014438867569,0.007921514101326466,0.017986370250582695,-3.8394296169281006,4.541947841644287,0.03632251348219969,0.11914845770275327,0.5826466171091315,-0.07181589416951073,-0.36150601418594164,1.1827272546451713
179889,179,0.5515068173408508,-0.12263476103544235,0.5489654541015625,-0.12563809752464294,-0.2787144184112549,0.5836048126220703,-0.19367486238479614,0.556958794593811,0.13160492479801178,0.04285260662436485,0.010520114563405514,0.02966933697462082,0.7933835387229919,1.0282649993896484,0.8327862024307251,0.6497929096221924,0.11353080719709396,0.03722761943936348,0.007528132759034634,0.016959067434072495,-4.302499294281006,3.96392822265625,0.04410349670105797,0.133033850120374,0.5790315569672718,-0.05998862162305822,-0.3994142097182454,1.253484170939404
179890,179,0.5481136441230774,-0.11633255332708359,0.5461846590042114,-0.11924269795417786,-0.38378509879112244,0.6765949130058289,-0.34678879380226135,0.7104278206825256,0.1398695856332779,0.044140033423900604,0.010457013733685017,0.027166256681084633,0.7941357493400574,1.0258461236953735,0.8316665291786194,0.6519068479537964,0.12112298607826233,0.038409680128097534,0.007183091714978218,0.016240863129496574,-4.801125526428223,4.3636369705200195,0.04438025142645023,0.1423357052869788,0.5745706782465906,-0.046582600377506236,-0.447116222923858,1.3425215758611548
179891,179,0.5437638163566589,-0.10892977565526962,0.5419527888298035,-0.11142265796661377,-0.476550430059433,0.798848569393158,-0.4911234378814697,0.8438839316368103,0.15245218575000763,0.04599209129810333,0.010401579551398754,0.024995015934109688,0.7948631644248962,1.023105502128601,0.8302643895149231,0.6544377207756042,0.13248078525066376,0.03879595547914505,0.006778808310627937,0.015801940113306046,-6.6289448738098145,6.110286712646484,0.046341255843557624,0.15638004675891387,0.5700995160173519,-0.03315738461889377,-0.44711622292391084,1.3425215758611548
179892,179,0.5383790731430054,-0.1000257059931755,0.5363574028015137,-0.10231760889291763,-0.5891556739807129,0.9694930911064148,-0.6187076568603516,0.9690505266189575,0.16508105397224426,0.045831598341464996,0.010352778248488903,0.023104390129446983,0.795771062374115,1.0199990272521973,0.8286359906196594,0.657511293888092,0.14502909779548645,0.03750767186284065,0.006532616447657347,0.015639930963516235,-5.7147111892700195,7.237086296081543,0.04478798072967158,0.16903407310338348,0.5649078611303084,-0.018268829734183978,-0.5282538810399047,1.5073142471463747
179893,179,0.5322567820549011,-0.08917559683322906,0.5297099351882935,-0.09178084135055542,-0.6434907913208008,1.165152907371521,-0.7127017974853516,1.1152602434158325,0.18111397325992584,0.04418884962797165,0.010309957899153233,0.021461617201566696,0.7967131733894348,1.0164554119110107,0.8268786072731018,0.6611537933349609,0.15907418727874756,0.03503973037004471,0.006390710826963186,0.015522795729339123,-5.503261089324951,8.482356071472168,0.03346604846603346,0.18655419348162317,0.5596253223199097,-0.0031956872627191997,-0.5282538810398518,1.5073142471463747
179894,179,0.5257058143615723,-0.0763498842716217,0.5223342776298523,-0.07965549826622009,-0.6708235740661621,1.370539665222168,-0.7602167129516602,1.2954025268554688,0.1918146014213562,0.0406239777803421,0.010272328741848469,0.020030323415994644,0.7979556322097778,1.0126993656158447,0.8250049352645874,0.6651313304901123,0.17179575562477112,0.03181706368923187,0.0062758964486420155,0.015071066096425056,-4.788999557495117,4.279005527496338,0.017189858077582887,0.19560537975431647,0.5537386716714797,0.013167383123319446,-0.6049189885339232,1.671013178378493
179895,179,0.5187411308288574,-0.0625385120511055,0.5144293308258057,-0.06599894911050797,-0.6983725428581238,1.413665771484375,-0.7909248471260071,1.4428093433380127,0.19866348803043365,0.03661705553531647,0.010239262133836746,0.018781816586852074,0.7995451092720032,1.0087080001831055,0.8232336640357971,0.6694114208221436,0.1797715127468109,0.027519185096025467,0.006414683535695076,0.01503816805779934,-3.7998461723327637,6.699643135070801,-0.0037247691720818654,0.2011485261305912,0.5476894817861404,0.029877514907105517,-0.6049189885339232,1.6710131783784947
179896,179,0.5121492743492126,-0.047488126903772354,0.5069398880004883,-0.05058491230010986,-0.6373427510261536,1.5676625967025757,-0.7207802534103394,1.6076854467391968,0.20434649288654327,0.03317723050713539,0.010210287757217884,0.01769503951072693,0.8011806011199951,1.0043425559997559,0.8216601610183716,0.6739504337310791,0.18463446199893951,0.02409282512962818,0.006670669186860323,0.014673593454062939,-0.704725980758667,3.449854850769043,-0.00029251617399023155,0.2065665562041818,0.5411436157812993,0.047538699481011915,-0.6771115454060722,1.8092500090681671
179897,179,0.5063284635543823,-0.031702689826488495,0.5001542568206787,-0.034022729843854904,-0.5348547697067261,1.5950422286987305,-0.631517767906189,1.6969103813171387,0.2030888944864273,0.030197810381650925,0.010184756480157375,0.01736690104007721,0.8029187321662903,0.9997876882553101,0.8203138709068298,0.6784930229187012,0.1852913796901703,0.02128080278635025,0.006829903926700354,0.014668300747871399,-2.048565149307251,2.9412055015563965,-0.015045423540511527,0.19749803400011468,0.5343725003272385,0.06563119957169482,-0.6771115454060722,1.8092500090681671
179898,179,0.5012305974960327,-0.015751035884022713,0.49437370896339417,-0.01688040979206562,-0.4778955280780792,1.6039987802505493,-0.5227532386779785,1.7309449911117554,0.19884774088859558,0.027623290196061134,0.01016235165297985,0.01657588966190815,0.8047733902931213,0.9949721097946167,0.8191546201705933,0.6832234263420105,0.18251127004623413,0.01849549263715744,0.006957226432859898,0.014726529829204082,-3.5869061946868896,5.996987819671631,-0.010962606683957182,0.179845351195639,0.5272031993709616,0.08435098077099266,-0.7448315516562987,1.9159326490930595
179899,179,0.4967440962791443,0.0009316392242908478,0.48979300260543823,0.000621650367975235,-0.42745277285575867,1.7140328884124756,-0.41331014037132263,1.753110647201538,0.19307641685009003,0.0253897774964571,0.010142657905817032,0.015765033662319183,0.8066313862800598,0.9897363781929016,0.818211555480957,0.6882733106613159,0.1768707036972046,0.01595771685242653,0.007250421214848757,0.014730765484273434,-1.072613000869751,6.13999605178833,-0.003505517456883378,0.1669710517620845,0.5197548838543996,0.10351030726192234,-0.7448315516562987,1.915932649093066
179900,179,0.49311327934265137,0.018688591197133064,0.48621681332588196,0.018249396234750748,-0.32099485397338867,1.815584421157837,-0.32115811109542847,1.7590761184692383,0.1859177201986313,0.02344747819006443,0.01012533437460661,0.015286477282643318,0.8083106279373169,0.9840707778930664,0.8175763487815857,0.6936147809028625,0.16896942257881165,0.013668176718056202,0.007568427361547947,0.014951184391975403,-0.0018155574798583984,7.5572967529296875,-0.011882003052317486,0.15316880654848936,0.5119979283516625,0.12303625156129333,-0.8080790072846027,1.9910610984531982
179901,179,0.49059757590293884,0.037543054670095444,0.4836142063140869,0.03603291139006615,-0.20935332775115967,1.9257081747055054,-0.2194255292415619,1.789764404296875,0.17579664289951324,0.02176082879304886,0.010110131464898586,0.019650885835289955,0.809870183467865,0.9780095219612122,0.8171129822731018,0.6989757418632507,0.1602860540151596,0.011711789295077324,0.007641996257007122,0.01835017092525959,-2.2760939598083496,9.371212005615234,-0.020322249513765767,0.12851624962215097,0.5039171382788165,0.1429468625458266,-0.8080790072846027,1.9910610984531851
179902,179,0.48861175775527954,0.057265087962150574,0.4817758798599243,0.05430981144309044,-0.18430925905704498,2.0148894786834717,-0.15066805481910706,1.8790605068206787,0.16273964941501617,0.020290715619921684,0.010096765123307705,0.030217451974749565,0.811556875705719,0.9715111255645752,0.816724956035614,0.7042912840843201,0.14979246258735657,0.00990329310297966,0.0076712328009307384,0.026277802884578705,-2.3139381408691406,10.918564796447754,-0.031880722108591664,0.1002839829344305,0.4956083086345943,0.1630265364199526,-0.8668539122909842,2.0346353571485243
179903,179,0.48687663674354553,0.07795339077711105,0.4805193841457367,0.07392165064811707,-0.16795578598976135,2.1049001216888428,-0.11219720542430878,2.0325965881347656,0.1493048518896103,0.019008999690413475,0.010085021145641804,0.03986188396811485,0.813312828540802,0.9646965265274048,0.8164650797843933,0.7097832560539246,0.13734953105449677,0.00860909279435873,0.007874046452343464,0.0337807796895504,0.8042716979980469,9.221210479736328,-0.0414871211058323,0.08312849091493824,0.48693976951168344,0.18337288999144177,-0.8668539122909842,2.0346353571485243
179904,179,0.4856627583503723,0.09912700206041336,0.47959625720977783,0.0950348824262619,-0.09659433364868164,2.122401237487793,-0.08055774867534637,2.1649415493011475,0.13566382229328156,0.017890945076942444,0.010074704885482788,0.051046743988990784,0.814980149269104,0.9578048586845398,0.8163222670555115,0.715165376663208,0.12472745031118393,0.00771459611132741,0.007922523654997349,0.04241380840539932,0.8123493194580078,8.206334114074707,-0.053087373956675565,0.06632062940459842,0.47811484613095173,0.20375385991500455,-0.9211562666754433,2.046655425179096
179905,179,0.48480844497680664,0.12015751004219055,0.4788741171360016,0.11696459352970123,-0.07724852114915848,2.08603835105896,-0.06166183948516846,2.208688735961914,0.12032104283571243,0.016916761174798012,0.010065663605928421,0.05401455610990524,0.8166940808296204,0.950870156288147,0.8162350654602051,0.7208971977233887,0.11144453287124634,0.006729734130203724,0.007926564663648605,0.04582803696393967,-0.00468134880065918,10.929346084594727,-0.05462478714741015,0.039285853508550746,0.4689032834641974,0.22422041416679703,-0.9211562666754433,2.046655425179109
179906,179,0.4841252565383911,0.14133818447589874,0.4784921705722809,0.13923685252666473,-0.07356208562850952,2.1340785026550293,-0.030684325844049454,2.226665735244751,0.10467042773962021,0.01606433279812336,0.010057710111141205,0.053184058517217636,0.818522036075592,0.9438132643699646,0.8161625266075134,0.7268739342689514,0.09755066782236099,0.005956929177045822,0.007968997582793236,0.04609239101409912,1.9969534873962402,9.581599235534668,-0.04788185051983623,0.01897792699172667,0.45959804675193267,0.24465024661447587,-0.9709860704379535,2.0271213025449013
179907,179,0.4835304915904999,0.16267813742160797,0.4782310724258423,0.16141515970230103,-0.05716957896947861,2.1306309700012207,-0.028143886476755142,2.2017974853515625,0.09045792371034622,0.015316943638026714,0.010050704702734947,0.054237186908721924,0.8203977346420288,0.9367337822914124,0.81598299741745,0.7327374815940857,0.08515476435422897,0.005270750727504492,0.007674258202314377,0.04747356101870537,-1.2199902534484863,10.755658149719238,-0.054435130572486556,-0.000313124278113152,0.44988818604755426,0.26492145963992386,-0.9709860704379535,2.027121302544888
179908,179,0.48240214586257935,0.18392573297023773,0.47769853472709656,0.1830306202173233,-0.15789923071861267,2.1270833015441895,-0.07269507646560669,2.1309878826141357,0.07871364057064056,0.01466272957623005,0.020447691902518272,0.054163601249456406,0.8224796652793884,0.929684042930603,0.8148318529129028,0.7385396361351013,0.07539793848991394,0.004882072564214468,0.014921493828296661,0.047750093042850494,-2.7839088439941406,8.979204177856445,-0.05369599199957453,-0.02194985116246984,0.4401384164087297,0.2851477210864055,-1.0126689515058789,1.9801716321007776
179909,179,0.47984617948532104,0.20475681126117706,0.4763333201408386,0.20380069315433502,-0.3240085244178772,2.06313157081604,-0.1815962791442871,2.047983169555664,0.06893009692430496,0.014090215787291527,0.025220641866326332,0.054103150963783264,0.8249800801277161,0.9227893352508545,0.8134961724281311,0.7441550493240356,0.06786190718412399,0.0046354178339242935,0.018069665879011154,0.048068929463624954,-4.491172790527344,8.62062931060791,-0.053718726683185725,-0.02595912166962269,0.429974983172944,0.3049080509788661,-1.0163433235785675,1.9760329892458999
179910,179,0.47546064853668213,0.22498494386672974,0.47370028495788574,0.22387182712554932,-0.5268924832344055,1.9965201616287231,-0.3314446806907654,1.9811242818832397,0.060718342661857605,0.013588991016149521,0.024241413921117783,0.05271559953689575,0.8282002210617065,0.9162036776542664,0.8118133544921875,0.7495062947273254,0.06260214745998383,0.004754741210490465,0.016414213925600052,0.046886146068573,-7.722015380859375,6.503973007202148,-0.04386923247871799,-0.017458353922750962,0.41981154993715836,0.3246683808713266,-1.0344470675152253,1.9394388932179674
179911,179,0.46841195225715637,0.2440042644739151,0.46910879015922546,0.2430328130722046,-0.8279564380645752,1.8483549356460571,-0.5525346398353577,1.8840574026107788,0.053780484944581985,0.013149944134056568,0.022452130913734436,0.05020112171769142,0.8323020339012146,0.9099797010421753,0.8095167279243469,0.7546067237854004,0.05788704380393028,0.004738956224173307,0.0142053896561265,0.04495925456285477,-8.455513954162598,7.042996883392334,-0.03407357717337006,-0.0007137659298887961,0.4092441807515622,0.34361221275165504,-1.0572280260972593,1.8933904852821848
179912,179,0.45887061953544617,0.26202309131622314,0.4619903266429901,0.26147422194480896,-1.0552656650543213,1.7642438411712646,-0.8730853796005249,1.8073381185531616,0.051373034715652466,0.01276459451764822,0.020892657339572906,0.04482264444231987,0.8367609977722168,0.9039849638938904,0.8066526651382446,0.7596505284309387,0.05603618174791336,0.0046048653312027454,0.012258579023182392,0.040994077920913696,-7.866885662078857,8.10952377319336,-0.009648787722083607,0.03600385829641185,0.3986719004905897,0.3625461176044781,-1.0572280260972593,1.8933904852821848
179913,179,0.4473278522491455,0.2794249653816223,0.451253205537796,0.2790771424770355,-1.2466514110565186,1.713482141494751,-1.2470896244049072,1.7101958990097046,0.06366349756717682,0.012426493689417839,0.01953282579779625,0.04021742567420006,0.8402416110038757,0.8981777429580688,0.8031559586524963,0.7645050287246704,0.06742975115776062,0.004544765688478947,0.010453524999320507,0.037249334156513214,-8.226901054382324,7.7339863777160645,0.005138784172405264,0.06596978949951014,0.38777628469460607,0.38046596952632017,-1.0936401779940284,1.7791937906536368
179914,179,0.4336925446987152,0.296182245016098,0.43695640563964844,0.2955401837825775,-1.455657958984375,1.6470462083816528,-1.5666139125823975,1.597924828529358,0.08890828490257263,0.015461230650544167,0.018348461017012596,0.03627016022801399,0.8429068922996521,0.8922074437141418,0.7989874482154846,0.7690921425819397,0.09205299615859985,0.006943185348063707,0.008735028095543385,0.03381988778710365,-9.453340530395508,6.761791706085205,0.015909825647183795,0.09448062302587129,0.37683988291466597,0.39825790743285777,-1.093640177994002,1.7791937906536368
179915,179,0.4179326593875885,0.3121080696582794,0.4198494851589203,0.3109450936317444,-1.6567403078079224,1.5599098205566406,-1.8140339851379395,1.5076770782470703,0.12125949561595917,0.02637452259659767,0.017313433811068535,0.03286724165081978,0.8453448414802551,0.8854832649230957,0.794370174407959,0.7734602689743042,0.12420184165239334,0.014869550243020058,0.007490870542824268,0.03087558224797249,-8.079288482666016,6.9451141357421875,0.028021915238368833,0.12936524143740985,0.36565180091327015,0.41490134587089567,-1.1255797792688487,1.6334429053603086
179916,179,0.4009861946105957,0.327524870634079,0.4008626639842987,0.32585811614990234,-1.725624442100525,1.5208661556243896,-1.9732065200805664,1.4719725847244263,0.15677328407764435,0.04170546308159828,0.016409404575824738,0.029930243268609047,0.8478155136108398,0.8783474564552307,0.7894682288169861,0.777738094329834,0.16074633598327637,0.02561848983168602,0.006525618024170399,0.028799330815672874,-10.270639419555664,9.964696884155273,0.04429213634029089,0.1672650356724782,0.3543960031205816,0.4312357749245,-1.1255797792688487,1.633442905360335
179917,179,0.38326144218444824,0.34299251437187195,0.38075461983680725,0.340489000082016,-1.8073922395706177,1.5631017684936523,-2.0204269886016846,1.4570879936218262,0.17988358438014984,0.05045923590660095,0.015618564561009407,0.02738727442920208,0.8512341976165771,0.8717347383499146,0.784392237663269,0.782047688961029,0.19119858741760254,0.03263493627309799,0.005896212067455053,0.026871155947446823,-9.004114151000977,8.661558151245117,0.05201405268514431,0.18744035058084973,0.3429512353187479,0.4463965424843052,-1.1530468299217729,1.4628495935163697
179918,179,0.3650868535041809,0.358602911233902,0.36085397005081177,0.35513806343078613,-1.8199515342712402,1.5608805418014526,-1.9524418115615845,1.478580117225647,0.2028028964996338,0.0499076209962368,0.014927001670002937,0.02518351748585701,0.8551234602928162,0.865986168384552,0.779375433921814,0.7864564657211304,0.21725575625896454,0.03294256329536438,0.005459072068333626,0.025438494980335236,-9.538250923156738,11.106362342834473,0.046361065630450476,0.21105727495192517,0.3314207670195303,0.46102503841947,-1.1530468299217465,1.4628495935163697
179919,179,0.34711119532585144,0.37465572357177734,0.34202051162719727,0.37033167481422424,-1.777018427848816,1.6284817457199097,-1.832146167755127,1.5492082834243774,0.2189207673072815,0.04925704747438431,0.014321410097181797,0.023268721997737885,0.8593518137931824,0.8602878451347351,0.774530291557312,0.7909529805183411,0.23742921650409698,0.03218559920787811,0.005313347093760967,0.0239648949354887,-8.197178840637207,9.411096572875977,0.04506907222118084,0.2250523649293187,0.31975509382223255,0.47466225315573196,-1.1760413299527748,1.2942609115783388
179920,179,0.32983776926994324,0.3909722864627838,0.3242700695991516,0.38616296648979187,-1.670894742012024,1.6304261684417725,-1.7210944890975952,1.6126230955123901,0.22702252864837646,0.04680761694908142,0.013791206292808056,0.02160375379025936,0.8638976216316223,0.8546872138977051,0.7700737118721008,0.7954597473144531,0.24861370027065277,0.03033742494881153,0.005367850884795189,0.02275216020643711,-8.524955749511719,10.564889907836914,0.030967467963228357,0.23026055842749293,0.30799468052270357,0.4876048622715178,-1.1760413299527748,1.2942609115783388
179921,179,0.3139018714427948,0.4074687361717224,0.3078504502773285,0.4026099741458893,-1.5278759002685547,1.6617010831832886,-1.5734972953796387,1.663982629776001,0.22654564678668976,0.04385361075401306,0.013327796012163162,0.020157326012849808,0.8687716126441956,0.8490921258926392,0.7659878730773926,0.7999982237815857,0.25129348039627075,0.027898592874407768,0.005349020007997751,0.021659864112734795,-9.943422317504883,10.981693267822266,0.02454348242944837,0.22451338354951994,0.2961438823349185,0.4997673138261404,-1.1945632793618277,1.1343886236603582
179922,179,0.2991265058517456,0.4241698384284973,0.2928179204463959,0.41934671998023987,-1.4245212078094482,1.6794911623001099,-1.4346520900726318,1.6841117143630981,0.22348546981811523,0.03960544243454933,0.012920736335217953,0.018893249332904816,0.8737579584121704,0.8435267210006714,0.7621866464614868,0.8045657873153687,0.24919889867305756,0.02462802082300186,0.0052648079581558704,0.020760606974363327,-11.599319458007812,11.574953079223633,0.011619967551372429,0.2104470149170299,0.2841982495413002,0.5111112000627446,-1.1945632793618277,1.1343886236603318
179923,179,0.2852458953857422,0.44110047817230225,0.2791101038455963,0.4362661838531494,-1.3509165048599243,1.7055888175964355,-1.3158754110336304,1.7016148567199707,0.21904481947422028,0.03574633598327637,0.012564093805849552,0.017790796235203743,0.8786721229553223,0.8378640413284302,0.7586718201637268,0.8091776967048645,0.24391569197177887,0.021375762298703194,0.005331182386726141,0.019918810576200485,-10.124011039733887,11.145780563354492,-0.000981934156224773,0.19995568870199368,0.27219810676800327,0.5218686195878885,-1.2086126781489581,0.983232729762349
179924,179,0.27242186665534973,0.4582807719707489,0.2665850520133972,0.45345190167427063,-1.2286295890808105,1.7227381467819214,-1.2021417617797852,1.7272777557373047,0.21397562325000763,0.03241842985153198,0.012251091189682484,0.01772768422961235,0.8833338618278503,0.8320850133895874,0.755473792552948,0.8137274980545044,0.23702335357666016,0.01857471652328968,0.005410479381680489,0.01986955851316452,-10.013527870178223,11.50454044342041,-0.017281197968772588,0.1920012723206108,0.260111979986515,0.531700946885512,-1.2086126781489845,0.983232729762349
179925,179,0.2607130706310272,0.47556567192077637,0.2551235258579254,0.47078028321266174,-1.124556541442871,1.7289570569992065,-1.1000065803527832,1.7336857318878174,0.20665596425533295,0.02954043820500374,0.011976241134107113,0.031584493815898895,0.8877490162849426,0.826132595539093,0.7526348233222961,0.817420482635498,0.2278747409582138,0.015976931899785995,0.005573185160756111,0.03202706202864647,-8.202199935913086,12.343730926513672,-0.03371310177658515,0.17459040663440845,0.24799827303268154,0.5411230655333379,-1.2181895263142055,0.8407932298844696
179926,179,0.25031551718711853,0.4929984211921692,0.2448076605796814,0.488229364156723,-0.9851351976394653,1.7364829778671265,-0.9839661121368408,1.7411448955535889,0.1976710855960846,0.027053048834204674,0.011735447682440281,0.0479600727558136,0.8919087052345276,0.8200881481170654,0.7501598000526428,0.8208848834037781,0.21670153737068176,0.014085140079259872,0.005760943051427603,0.0467003770172596,-6.978282928466797,12.445940971374512,-0.050920567093314384,0.15753531715384883,0.23581637776953956,0.5495309978321831,-1.2181895263142055,0.8407932298844696
179927,179,0.24120084941387177,0.5101979970932007,0.23560920357704163,0.5055756568908691,-0.8590941429138184,1.691709280014038,-0.868378758430481,1.7180877923965454,0.1859518587589264,0.024894483387470245,0.01152404397726059,0.06579165905714035,0.8958672881126404,0.8141500949859619,0.7480434775352478,0.8241422772407532,0.20319940149784088,0.01261833030730486,0.0059419963508844376,0.06278356164693832,-6.121216773986816,12.885940551757812,-0.06930807340970035,0.13250042840942977,0.2236248870401465,0.5576875467548501,-1.223293823857491,0.707070124026588
179928,179,0.23333203792572021,0.5268492698669434,0.2276507169008255,0.5225808024406433,-0.735543966293335,1.6286009550094604,-0.7386711239814758,1.6735453605651855,0.17200849950313568,0.023017363622784615,0.011338329873979092,0.07900318503379822,0.8997830748558044,0.8085212111473083,0.7460684776306152,0.8273805379867554,0.18906638026237488,0.011807276867330074,0.005768896080553532,0.0745958536863327,-9.3469820022583,12.747302055358887,-0.08175856303522694,0.1067615512576773,0.21139194880157008,0.5647582479951174,-1.223293823857491,0.707070124026588
179929,179,0.22581133246421814,0.5423865914344788,0.22056561708450317,0.5386708974838257,-0.7470947504043579,1.5023798942565918,-0.6726369857788086,1.565382957458496,0.15604177117347717,0.021384740248322487,0.01117535587400198,0.08862855285406113,0.9038177132606506,0.8032371997833252,0.7442352175712585,0.8306077122688293,0.17217861115932465,0.010801595635712147,0.005883275996893644,0.08361351490020752,-7.316844463348389,13.978137969970703,-0.09077604536312803,0.07881618787646476,0.1991584547015898,0.5717189583447878,-1.2238743932254685,0.5921901535381006
179930,179,0.21888381242752075,0.5571932196617126,0.21437816321849823,0.5540027618408203,-0.6686574816703796,1.4411417245864868,-0.5938926935195923,1.485649824142456,0.14174747467041016,0.019961383193731308,0.011032168753445148,0.0902196615934372,0.907742440700531,0.7982308268547058,0.7425194382667542,0.8340226411819458,0.15591022372245789,0.01000681146979332,0.005742055829614401,0.08575880527496338,-8.3873291015625,15.993242263793945,-0.09057320112084849,0.07033386233113653,0.18691919899380105,0.5775395924666759,-1.2239255707788805,0.582063412188757
179931,179,0.2122683823108673,0.5712895393371582,0.20862321555614471,0.5682693719863892,-0.6655336618423462,1.3834131956100464,-0.5686154961585999,1.3736402988433838,0.12642665207386017,0.018721727654337883,0.01090659573674202,0.0971909910440445,0.9117866158485413,0.7935128808021545,0.7406354546546936,0.8370180726051331,0.14108970761299133,0.0094869090244174,0.005298486445099115,0.09109660238027573,-10.429549217224121,14.96152114868164,-0.09883612374248743,0.0470607232960269,0.1746799432860123,0.5833602265885639,-1.2221639080016642,0.530570066110839
179932,179,0.2049948275089264,0.5844016671180725,0.20263132452964783,0.5812122821807861,-0.7651249170303345,1.2619221210479736,-0.6162456274032593,1.242708683013916,0.11195491254329681,0.017638539895415306,0.01079622097313404,0.10648202896118164,0.9161252379417419,0.7890921235084534,0.7385236620903015,0.8396500945091248,0.12639540433883667,0.008868196979165077,0.004995689261704683,0.09916744381189346,-10.578449249267578,16.397930145263672,-0.10869123650556203,0.034427344834173465,0.16247999430558743,0.5880319263392185,-1.2199471087084592,0.46577309437097664
179933,179,0.1969767063856125,0.5967251062393188,0.19625508785247803,0.5932238101959229,-0.8410037159919739,1.195056438446045,-0.667626142501831,1.16196608543396,0.10071339458227158,0.016693638637661934,0.010699428617954254,0.10706398636102676,0.9205262064933777,0.7849236726760864,0.7361909747123718,0.8424525856971741,0.11392669379711151,0.008483270183205605,0.004675837699323893,0.10024315118789673,-9.83665943145752,16.905872344970703,-0.10721060919236258,0.03841991445627593,0.15028052321850285,0.5926896572829286,-1.2199471087084592,0.46577309437097664
179934,179,0.18822602927684784,0.6083142757415771,0.18913869559764862,0.604488730430603,-0.9104984998703003,1.1206655502319336,-0.7666605710983276,1.0912654399871826,0.09169435501098633,0.015867602080106735,0.010614424012601376,0.11292513459920883,0.9248506426811218,0.7810463905334473,0.7337075471878052,0.8448858261108398,0.10365276038646698,0.008155048824846745,0.004494539462029934,0.10451308637857437,-7.92414665222168,16.54512596130371,-0.11442931943089253,0.040425056259458886,0.13816220805793425,0.5963921447051074,-1.2108078041667532,0.35819917057324685
179935,179,0.17905832827091217,0.6190717220306396,0.18068568408489227,0.6150743961334229,-0.9331697225570679,1.0281705856323242,-0.9242961406707764,1.0219782590866089,0.0845291018486023,0.015145610086619854,0.0105398278683424,0.11806660890579224,0.9290764331817627,0.7776992321014404,0.731087327003479,0.8468974828720093,0.09559913724660873,0.00862635113298893,0.0042564766481518745,0.10702705383300781,-6.237356662750244,10.931713104248047,-0.11945184457844198,0.04289103399019051,0.12605413001626672,0.59997413641084,-1.2108078041667598,0.35819917057324685
179936,179,0.169453427195549,0.6278403997421265,0.17039906978607178,0.6244735717773438,-0.9733628630638123,0.7643531560897827,-1.097969889640808,0.8753911852836609,0.07799122482538223,0.014513369649648666,0.01047427486628294,0.1210133284330368,0.933241605758667,0.7753417491912842,0.7284110188484192,0.8483709692955017,0.08834509551525116,0.00940623041242361,0.004168051294982433,0.10703809559345245,-4.849247932434082,7.935090065002441,-0.12181237156237827,0.039338529503547465,0.11405982014674375,0.602777142656703,-1.1963699987838148,0.25934164079551475
179937,179,0.15972833335399628,0.6338850259780884,0.15886996686458588,0.6322305202484131,-0.9732987880706787,0.47750404477119446,-1.183035969734192,0.6850972175598145,0.07247427850961685,0.013960061594843864,0.010416731238365173,0.11694429814815521,0.937279999256134,0.7741371989250183,0.7257566452026367,0.849368155002594,0.08187373727560043,0.0105440653860569,0.004130734130740166,0.100931815803051,-2.009437084197998,3.698585033416748,-0.09503967655160944,0.03930275661387747,0.10209612015890618,0.6053705590646583,-1.1963699987838148,0.25934164079551475
179938,179,0.15013746917247772,0.6366815567016602,0.1471526026725769,0.6377825140953064,-0.9516397714614868,0.12005367875099182,-1.1351563930511475,0.43142712116241455,0.06700011342763901,0.01347427163273096,0.010366071946918964,0.10822013020515442,0.9411779046058655,0.7741411924362183,0.7231826186180115,0.8498590588569641,0.0756511241197586,0.011411204934120178,0.004170015919953585,0.09154434502124786,-0.8711874485015869,4.606657028198242,-0.06068587409616599,0.033698297309185804,0.09026820358716096,0.607343815286365,-1.1766336925598029,0.16920050503783327
179939,179,0.14086094498634338,0.6365805864334106,0.13666987419128418,0.6400868892669678,-0.9151131510734558,-0.11502373218536377,-0.9784387946128845,0.032791249454021454,0.06109250336885452,0.013048048131167889,0.010321518406271935,0.09332872927188873,0.9450591802597046,0.7750266194343567,0.7206370234489441,0.850041925907135,0.06943508982658386,0.01221796777099371,0.004058095160871744,0.07774671912193298,-1.4062094688415527,4.433560371398926,-0.009830285266819623,0.024665787279428197,0.07850186666156214,0.609035820336744,-1.1766336925598029,0.16920050503783327
179940,179,0.1316445767879486,0.6341161727905273,0.12748441100120544,0.6378955841064453,-0.9202426075935364,-0.3457315266132355,-0.8726329207420349,-0.40799713134765625,0.05449922755360603,0.025632215663790703,0.010282470844686031,0.08109898120164871,0.9490982294082642,0.7753061652183533,0.7180082201957703,0.8495562076568604,0.06291903555393219,0.022628584876656532,0.003867855528369546,0.06531679630279541,-3.211320638656616,3.078022003173828,0.027533111034616118,0.013022007787175341,0.06688273139432388,0.6102490576864552,-1.1515988854946375,0.08777576330025526
179941,179,0.1220896989107132,0.6291826367378235,0.11891523748636246,0.6317492723464966,-0.9649972319602966,-0.5963714122772217,-0.8353407979011536,-0.7645763754844666,0.04849221184849739,0.06169210001826286,0.010248190723359585,0.07093159109354019,0.9531771540641785,0.7739432454109192,0.7153635025024414,0.8484228849411011,0.05623115971684456,0.04989686608314514,0.003841400844976306,0.055561281740665436,-3.0327558517456055,4.390585422515869,0.06836383560114746,0.007666628267111397,0.05536674253937679,0.6111268153194579,-1.1515988854946277,0.08777576330025526
179942,179,0.1125415712594986,0.6225425004959106,0.11080443114042282,0.6227933168411255,-0.9513497352600098,-0.7172348499298096,-0.8018270134925842,-1.00946843624115,0.04336533322930336,0.10621185600757599,0.010218066163361073,0.062401678413152695,0.957200288772583,0.7723959684371948,0.7126478552818298,0.8468961119651794,0.05074961856007576,0.0836852490901947,0.003605509176850319,0.04813249781727791,-5.3223981857299805,6.519904136657715,0.11652213238013617,0.00919182731803983,0.04399877658337197,0.6116497649493343,-1.121265577588303,0.015067415582674975
179943,179,0.10268951952457428,0.615182638168335,0.10269070416688919,0.6118543148040771,-1.008312702178955,-0.7513096928596497,-0.8200711607933044,-1.1189175844192505,0.038982972502708435,0.13862432539463043,0.010191652923822403,0.055217258632183075,0.9612815976142883,0.771869957447052,0.7097729444503784,0.8452274799346924,0.04610876739025116,0.11198053508996964,0.003397382562980056,0.042281411588191986,-5.713900566101074,7.372786998748779,0.14801842759568867,0.002220537554618235,0.032786120807488175,0.6118004391051611,-1.121265577588303,0.015067415582674975
179944,179,0.09233643859624863,0.607643723487854,0.09409328550100327,0.601330041885376,-1.0560052394866943,-0.7518038749694824,-0.9142022132873535,-0.966683030128479,0.03521482273936272,0.1605186015367508,0.010168436914682388,0.04911552742123604,0.9654333591461182,0.7722418308258057,0.7067375779151917,0.8435453176498413,0.04219237342476845,0.1334540992975235,0.0031584042590111494,0.03751612827181816,-6.237802505493164,6.660656929016113,0.16758456869470012,0.006700712639124695,0.02171171216944745,0.6117028321673629,-1.0856337688408215,-0.04892453811485471
179945,179,0.08143623918294907,0.6001849174499512,0.0840604156255722,0.5925549268722534,-1.1144487857818604,-0.7213561534881592,-1.081431269645691,-0.7949710488319397,0.032106198370456696,0.17679549753665924,0.01014794036746025,0.04388105869293213,0.9695841073989868,0.77304607629776,0.7036118507385254,0.8421112298965454,0.03877285495400429,0.14765188097953796,0.0030463843140751123,0.03410927951335907,-5.341329574584961,8.554339408874512,0.18182943187580722,0.011218458432811856,0.01085537448103719,0.6112135867862144,-1.0856337688408215,-0.04892453811485471
179946,179,0.07029193639755249,0.5939192771911621,0.07262205332517624,0.5856699347496033,-1.1292308568954468,-0.5599320530891418,-1.200240135192871,-0.6150373816490173,0.030383847653865814,0.18737326562404633,0.01012999378144741,0.03941750153899193,0.9736685156822205,0.7739502191543579,0.7003654837608337,0.8409599661827087,0.0367637574672699,0.1571529060602188,0.002830414567142725,0.030840590596199036,-4.501160621643066,5.6844329833984375,0.19109062576244779,0.01868207601668609,0.00011691116768985498,0.6105651544329016,-1.0447034592521818,-0.10420009779233382
179947,179,0.05871481075882912,0.5886802673339844,0.059969544410705566,0.5801745653152466,-1.1765533685684204,-0.472930908203125,-1.305685043334961,-0.4846471846103668,0.02914310060441494,0.18563781678676605,0.01011421624571085,0.035579945892095566,0.9777629375457764,0.7752509117126465,0.6969738006591797,0.840086042881012,0.03557601571083069,0.15876361727714539,0.002602196065708995,0.028254663571715355,-5.024392604827881,5.479152202606201,0.17763636678960285,0.020681481873024488,-0.010330123424832676,0.6095231534549782,-1.0447034592521822,-0.10420009779233382
179948,179,0.046641550958156586,0.5845746994018555,0.04660327732563019,0.576011061668396,-1.2335186004638672,-0.35288774967193604,-1.3540838956832886,-0.3558916449546814,0.029076963663101196,0.18342402577400208,0.01010033767670393,0.032268207520246506,0.9818569421768188,0.7766068577766418,0.6934148073196411,0.8394995927810669,0.035483941435813904,0.15615595877170563,0.0023695449344813824,0.025956343859434128,-4.1608476638793945,3.931100368499756,0.17319942872780902,0.028625748654258543,-0.020690253406756197,0.6083936268383116,-0.9984746488223865,-0.15075926344976232
179949,179,0.034022219479084015,0.5815261602401733,0.03301418572664261,0.5730705857276917,-1.284239411354065,-0.26547810435295105,-1.3525654077529907,-0.24367572367191315,0.03823304921388626,0.17943701148033142,0.010088167153298855,0.029414234682917595,0.984844446182251,0.7778021097183228,0.6896669864654541,0.8391596078872681,0.04422383010387421,0.15175923705101013,0.0020754665601998568,0.024013137444853783,-5.226635932922363,4.924154281616211,0.16083513223943216,0.03980122904641126,-0.03067499989497955,0.6068860342038138,-0.9984746488223865,-0.15075926344976232
179950,179,0.02083650976419449,0.5795033574104309,0.01966925896704197,0.571196436882019,-1.3437306880950928,-0.15001927316188812,-1.3165620565414429,-0.1377183049917221,0.04927244037389755,0.17449341714382172,0.01007747184485197,0.02694251947104931,0.9874100685119629,0.7786647081375122,0.685926079750061,0.8392420411109924,0.05524346977472305,0.14441613852977753,0.0022021071054041386,0.022758841514587402,-2.4207305908203125,7.905857563018799,0.15121536399394309,0.05127646379018341,-0.04061440853875252,0.6053451444759532,-0.9511215434480615,-0.1855364080125649
179951,179,0.00796678476035595,0.579288899898529,0.007020897231996059,0.5708387494087219,-1.2627389430999756,0.056807488203048706,-1.2488731145858765,0.031743768602609634,0.06356094777584076,0.16757306456565857,0.01006806269288063,0.024795250967144966,0.9893857836723328,0.7790422439575195,0.6824211478233337,0.8397496342658997,0.06888650357723236,0.13580071926116943,0.002432512352243066,0.021544838324189186,-0.6227302551269531,8.259282112121582,0.13464921960731785,0.06621422014651746,-0.050083881914267506,0.6034591241250814,-0.9469473375514328,-0.1886020350871931
179952,179,-0.003999017644673586,0.5807477831840515,-0.005235284101217985,0.5720463991165161,-1.1479039192199707,0.20848271250724792,-1.2117363214492798,0.18814347684383392,0.06299944967031479,0.15618093311786652,0.010059809312224388,0.022933002561330795,0.9925554394721985,0.7791708707809448,0.6791793704032898,0.8405227065086365,0.07121091336011887,0.12610217928886414,0.00260801799595356,0.02031666599214077,-2.107558250427246,7.340652942657471,0.10072776380215077,0.05951555885289428,-0.059553355289782485,0.6015731037742095,-0.9217848711986492,-0.2014991934301282
179953,179,-0.015233089216053486,0.5832264423370361,-0.017204677686095238,0.5744932293891907,-1.0922520160675049,0.29129642248153687,-1.1649932861328125,0.3013758957386017,0.06080034747719765,0.14200666546821594,0.01005254965275526,0.0213115643709898,0.9961152076721191,0.7792407274246216,0.6761939525604248,0.8415256142616272,0.06900724023580551,0.11431337147951126,0.0027837662491947412,0.019242629408836365,-1.767512559890747,7.080059051513672,0.07108417336188227,0.047116580148951204,-0.06846139646755427,0.5993993183111417,-0.8901215254393259,-0.21772841270457324
179954,179,-0.02573351562023163,0.5865969061851501,-0.028296180069446564,0.5780936479568481,-1.0154732465744019,0.37396901845932007,-1.0567375421524048,0.4079987704753876,0.05823884904384613,0.12705084681510925,0.010046173818409443,0.019899388775229454,0.9994831681251526,0.7792035341262817,0.6735756993293762,0.8426880836486816,0.06514037400484085,0.10184559226036072,0.0032022648956626654,0.018161669373512268,1.9083023071289062,5.3623151779174805,0.04963014214261979,0.04219191685993555,-0.07736261172194812,0.5972220341840961,-0.8901215254393259,-0.2177284127045204
179955,179,-0.03488745540380478,0.5905756950378418,-0.038037579506635666,0.5826171636581421,-0.8454917073249817,0.4100099503993988,-0.9086614847183228,0.47629430890083313,0.054897572845220566,0.11119187623262405,0.010040578432381153,0.018668659031391144,1.002573013305664,0.7792397737503052,0.6712734699249268,0.8437694311141968,0.0611448772251606,0.09020158648490906,0.00332125136628747,0.01690535619854927,0.2340555191040039,3.420238494873047,0.0259366125036282,0.03377726351043968,-0.08571217053969685,0.594863511854356,-0.8279972124860627,-0.23813839630184996
179956,179,-0.04310280457139015,0.5942164063453674,-0.046570271253585815,0.587160050868988,-0.781078040599823,0.3420845568180084,-0.785963773727417,0.44366881251335144,0.048839084804058075,0.09584470093250275,0.010035662911832333,0.017595121636986732,1.005651831626892,0.7795219421386719,0.6692615151405334,0.8447073698043823,0.05468245595693588,0.07874222099781036,0.0036338716745376587,0.015759291127324104,1.5517377853393555,2.386150360107422,0.00784825573826542,0.008845874195235581,-0.093992142664558,0.5924821278913373,-0.8279972124860561,-0.23813839630184996
179957,179,-0.05023347586393356,0.5972942113876343,-0.05363394692540169,0.5913683772087097,-0.6551139950752258,0.27383124828338623,-0.637916088104248,0.3920769989490509,0.043663691729307175,0.08319426327943802,0.010031338781118393,0.016656160354614258,1.0084275007247925,0.7799661755561829,0.6675755381584167,0.8454198837280273,0.048290230333805084,0.06888650357723236,0.003858056850731373,0.014643956907093525,0.9981513023376465,2.287571430206299,0.005724429941953192,-0.0010556149112439656,-0.10174083111555463,0.5900085998470853,-0.7605743986916399,-0.24983198587912894
179958,179,-0.05629831179976463,0.5995382070541382,-0.05936650186777115,0.5947757959365845,-0.5616835355758667,0.18159504234790802,-0.516394853591919,0.29337936639785767,0.039225224405527115,0.07266657054424286,0.020574942231178284,0.015834255144000053,1.0107165575027466,0.7804843783378601,0.6658356189727783,0.8459935784339905,0.04253885895013809,0.060174159705638885,0.009395000524818897,0.013852297328412533,1.8622016906738281,4.7528767585754395,0.004614497792043114,-0.02208262911345131,-0.10934657510247155,0.5875102799882939,-0.7605743986916399,-0.24983198587907607
179959,179,-0.06114000454545021,0.6013503074645996,-0.06374717503786087,0.5973284840583801,-0.4380282759666443,0.15960782766342163,-0.3897383511066437,0.20703141391277313,0.035410430282354355,0.06384756416082382,0.03682805970311165,0.015115095302462578,1.0126079320907593,0.7810713052749634,0.6641063094139099,0.8463076949119568,0.03800962492823601,0.05376913398504257,0.017608297988772392,0.012741577811539173,1.6542601585388184,1.9770288467407227,0.00863339754270034,-0.039381460189330114,-0.11645200517998787,0.58499147738169,-0.6878530840560638,-0.2528091814364102
179960,179,-0.06531362235546112,0.6020762920379639,-0.06736781448125839,0.5985824465751648,-0.3925684690475464,0.009538853541016579,-0.3281570076942444,0.0669347420334816,0.03213008493185043,0.056430041790008545,0.05901104956865311,0.014486881904304028,1.0142147541046143,0.7819425463676453,0.662341296672821,0.8463802337646484,0.034349191933870316,0.047958362847566605,0.02846979908645153,0.012085797265172005,0.2692699432373047,4.99690055847168,0.0028733568577772595,-0.06324723594996642,-0.12333053602054894,0.5824633855673261,-0.6878530840560572,-0.25280918143635733
179961,179,-0.0690750852227211,0.6019936800003052,-0.07024893164634705,0.5987192988395691,-0.37011176347732544,-0.03676076605916023,-0.26007506251335144,-0.04040459543466568,0.02929162047803402,0.05127566307783127,0.07301639020442963,0.01393599808216095,1.0156447887420654,0.7827556729316711,0.6609466671943665,0.8463635444641113,0.031169790774583817,0.043370313942432404,0.0356980562210083,0.011512711644172668,1.828927993774414,6.402683258056641,0.01850089674606855,-0.07584727270967395,-0.12975031971785722,0.57996903955053,-0.6098332685793347,-0.24706998297358798
179962,179,-0.07239421457052231,0.6016077995300293,-0.07249537855386734,0.5979673862457275,-0.3174479007720947,-0.05816172435879707,-0.21343788504600525,-0.11373614519834518,0.02683599665760994,0.04710103198885918,0.08302091062068939,0.013453764840960503,1.0168757438659668,0.7835693955421448,0.659853458404541,0.8461782336235046,0.02825351431965828,0.04030076041817665,0.04102112352848053,0.010845936834812164,4.553830623626709,4.539699554443359,0.02017975729635065,-0.08522498952589314,-0.13584865240365093,0.5774983397207942,-0.6098332685793215,-0.24706998297353513
179963,179,-0.07509935647249222,0.600555419921875,-0.07459741830825806,0.5964994430541992,-0.23082107305526733,-0.15270628035068512,-0.21670232713222504,-0.17611157894134521,0.024704905226826668,0.04334107041358948,0.09619684517383575,0.01303097978234291,1.017805576324463,0.784604012966156,0.6589208841323853,0.8458231091499329,0.025729522109031677,0.03747989237308502,0.04769298434257507,0.010404163971543312,3.518962860107422,7.515897750854492,0.018831153070512967,-0.09925273259968226,-0.14154040171401944,0.5750981814459674,-0.5265149522614461,-0.23261439049066232
179964,179,-0.07704506814479828,0.5989234447479248,-0.0767446756362915,0.5945343971252441,-0.17499767243862152,-0.17841894924640656,-0.21597442030906677,-0.21905618906021118,0.02285684086382389,0.04157062992453575,0.11407464742660522,0.012661022134125233,1.0185292959213257,0.7855953574180603,0.6579986214637756,0.8453517556190491,0.023608552291989326,0.03597351908683777,0.05643552914261818,0.009905342012643814,4.678637981414795,6.647951602935791,0.029909640228174175,-0.11880089589377879,-0.14680555123663416,0.5727720375410602,-0.5265149522614327,-0.2326143904907152
179965,179,-0.07854238897562027,0.5968178510665894,-0.0788707286119461,0.5921347737312317,-0.1346963346004486,-0.24014393985271454,-0.20671960711479187,-0.25891295075416565,0.021246042102575302,0.040310684591531754,0.13019371032714844,0.01233607716858387,1.0189704895019531,0.7866328954696655,0.6573297381401062,0.844780445098877,0.021480724215507507,0.035045694559812546,0.06519916653633118,0.00953390821814537,8.031415939331055,7.032194137573242,0.03199025921728654,-0.13461927267523371,-0.1517268781533339,0.5705357981603627,-0.43789813510238434,-0.20944240398784464
179966,179,-0.07913997024297714,0.594372570514679,-0.08046811819076538,0.5895665884017944,-0.023165985941886902,-0.26562294363975525,-0.12927962839603424,-0.27249249815940857,0.01984284445643425,0.040644656866788864,0.1439371556043625,0.012051083147525787,1.0191494226455688,0.787647008895874,0.6569507718086243,0.8440818190574646,0.01982797682285309,0.035405054688453674,0.07250882685184479,0.009157337248325348,8.255085945129395,6.971909999847412,0.040703817552225054,-0.14797906380193884,-0.15610585950435812,0.5684413741204845,-0.43789813510239756,-0.20944240398784464
179967,179,-0.079083152115345,0.591460108757019,-0.08123739063739777,0.5866318941116333,0.02556823194026947,-0.31299254298210144,-0.025589000433683395,-0.3127351999282837,0.018617350608110428,0.04423863813281059,0.16642938554286957,0.011800708249211311,1.0191938877105713,0.7885008454322815,0.6564643979072571,0.8432031273841858,0.018488982692360878,0.03858207166194916,0.08328138291835785,0.008708612993359566,8.09293270111084,5.89585542678833,0.044852374840713256,-0.17335197471416885,-0.16021437602066105,0.5664387847860761,-0.3439828171021762,-0.17755402346492352
179968,179,-0.07881272584199905,0.5878574848175049,-0.08097603172063828,0.5831568241119385,0.031275831162929535,-0.38923293352127075,0.07330726832151413,-0.37113428115844727,0.017548495903611183,0.05223699286580086,0.1835637241601944,0.01158119086176157,1.019130825996399,0.7890377640724182,0.6561424136161804,0.8422389030456543,0.017346343025565147,0.0447363555431366,0.0922684445977211,0.008506599813699722,8.370780944824219,7.640731334686279,0.05369572050397521,-0.18934682103532754,-0.16365420419168317,0.5646632445514271,-0.3439828171021762,-0.17755402346487065
179969,179,-0.0783001258969307,0.5840651988983154,-0.07964257895946503,0.5793456435203552,0.05736442655324936,-0.3770020604133606,0.16929948329925537,-0.3961336612701416,0.016615090891718864,0.0657706931233406,0.1949414163827896,0.01138861384242773,1.0190433263778687,0.7889537215232849,0.6559962630271912,0.8413282036781311,0.016472039744257927,0.05459213629364967,0.09822589159011841,0.008493413217365742,7.591874599456787,9.704384803771973,0.06844074172392171,-0.1990123456129474,-0.16690752230085906,0.5629640364154689,-0.2447689982608348,-0.13694924892189891
179970,179,-0.07775341719388962,0.5806617140769958,-0.07764556258916855,0.5754073858261108,0.047452326864004135,-0.3123578131198883,0.21586443483829498,-0.38802090287208557,0.015798795968294144,0.07011257857084274,0.20641325414180756,0.011219528503715992,1.01908278465271,0.7894001603126526,0.6557669639587402,0.8404573798179626,0.01592782884836197,0.059919700026512146,0.10303782671689987,0.00832919217646122,6.3141655921936035,7.226443290710449,0.0710022845182342,-0.21066731650458065,-0.16935521228346784,0.5615945439262496,-0.2447689982608348,-0.13694924892189891
179971,179,-0.07773348689079285,0.5773362517356873,-0.07585345953702927,0.5714928507804871,-0.019995804876089096,-0.3343268632888794,0.14633987843990326,-0.37659767270088196,0.015085572376847267,0.06940007954835892,0.21391944587230682,0.011071272194385529,1.0193194150924683,0.7905048727989197,0.6554273962974548,0.8396083116531372,0.015614367090165615,0.060599297285079956,0.10581879317760468,0.008235004730522633,3.9847540855407715,7.576282024383545,0.06505256017743435,-0.21686453288361437,-0.17171094397878806,0.5602684481409015,-0.1487231778061178,-0.09162356755901664
179972,179,-0.07846666127443314,0.573991596698761,-0.07516498118638992,0.5678489804267883,-0.11496695131063461,-0.3305533230304718,-0.004553437232971191,-0.3497120440006256,0.014460758306086063,0.07227791100740433,0.21346807479858398,0.01094099972397089,1.0197157859802246,0.7913739085197449,0.655116617679596,0.8388936519622803,0.015128388069570065,0.06185353919863701,0.10583609342575073,0.008308932185173035,5.658237934112549,8.622050285339355,0.07288739909025532,-0.21149990777783595,-0.1731135107645713,0.5593921673373128,-0.1402566785783205,-0.08762808035882373
179973,179,-0.07952982187271118,0.5711885094642639,-0.07579819113016129,0.5648350715637207,-0.12066808342933655,-0.25547298789024353,-0.1291847974061966,-0.2759421467781067,0.013913926668465137,0.0761047974228859,0.21105928719043732,0.010826677083969116,1.0202957391738892,0.7919037938117981,0.6547403931617737,0.8382683396339417,0.01497239526361227,0.06446589529514313,0.10359027236700058,0.008309945464134216,4.104604721069336,8.651247024536133,0.07694860231486836,-0.2005140089424584,-0.17451607755035453,0.558515886533724,-0.09165460465569245,0.22139257817873254
179974,179,-0.08128160983324051,0.5687858462333679,-0.07785139977931976,0.5622479915618896,-0.2151516228914261,-0.2187253087759018,-0.26048654317855835,-0.23521475493907928,0.013434531167149544,0.08190535008907318,0.2090226113796234,0.010726219974458218,1.0210708379745483,0.7920398116111755,0.6541770100593567,0.8378556370735168,0.014764654450118542,0.06776104867458344,0.101578488945961,0.008521816693246365,4.603822231292725,10.59814453125,0.08319700189399643,-0.2000748925314055,-0.17483422086211475,0.5645345636821294,-0.03049588318328916,0.6102506424418167
179975,179,-0.08363867551088333,0.5672925114631653,-0.0807889997959137,0.5604247450828552,-0.27072158455848694,-0.10735652595758438,-0.3339894711971283,-0.14614109694957733,0.01301420759409666,0.09233162552118301,0.20456863939762115,0.010637960396707058,1.0219155550003052,0.7913654446601868,0.6535817980766296,0.8377646207809448,0.014343691058456898,0.07354183495044708,0.09950195252895355,0.008889556862413883,7.084300518035889,11.825380325317383,0.09473221381493654,-0.18488585475191355,-0.17513917969394777,0.5706370701065473,-0.030495883183302375,0.6102506424417637
179976,179,-0.08609776198863983,0.5671696066856384,-0.08416905999183655,0.5597832202911377,-0.2475476861000061,0.04962640255689621,-0.3550608158111572,-0.004447298124432564,0.012645957991480827,0.0921565443277359,0.19865767657756805,0.010560493916273117,1.022742748260498,0.7908106446266174,0.6530455350875854,0.8380619883537292,0.014012403786182404,0.07369861751794815,0.09651914238929749,0.00929498951882124,7.445235252380371,13.228147506713867,0.09114986752597752,-0.17222288294970586,-0.1744246468818071,0.5756219267503669,0.08431328740960922,0.4843874781065452
179977,179,-0.08853434026241302,0.5685670375823975,-0.08777777850627899,0.560546875,-0.2456183284521103,0.21090851724147797,-0.3649238646030426,0.1494847685098648,0.012322697788476944,0.09003275632858276,0.19361501932144165,0.010492386296391487,1.0235487222671509,0.790102481842041,0.6525124907493591,0.8387597799301147,0.013647148385643959,0.07094790041446686,0.09397628903388977,0.009730246849358082,8.35679817199707,13.050708770751953,0.07780191126290628,-0.17084420405515413,-0.17358151400771096,0.5804658015314326,0.08431328740960922,0.4843874781065981
179978,179,-0.09089294075965881,0.5714142918586731,-0.09133610129356384,0.5629242658615112,-0.2280835062265396,0.3485278785228729,-0.34145525097846985,0.31519368290901184,0.012039100751280785,0.0854591503739357,0.18835435807704926,0.010432549752295017,1.02450692653656,0.7892097234725952,0.6518496870994568,0.8397270441055298,0.013893361203372478,0.06698041409254074,0.08977525681257248,0.009899194352328777,3.964965343475342,12.58634090423584,0.05890511682513184,-0.16435124710354537,-0.1717943122620907,0.584353132857893,0.20412080807174518,0.362996864393302
179979,179,-0.09407573938369751,0.5752214193344116,-0.09476698189973831,0.5665643215179443,-0.3628524839878082,0.43174847960472107,-0.3161162734031677,0.42743417620658875,0.011790909804403782,0.07890480011701584,0.18327882885932922,0.01038011722266674,1.0256229639053345,0.7882278561592102,0.6510072350502014,0.8408986330032349,0.013628226704895496,0.06161889061331749,0.0871676504611969,0.00997708085924387,8.046293258666992,8.877582550048828,0.040159017561099145,-0.15975905654988903,-0.16975310418137338,0.5879831015018254,0.20412080807174518,0.36299686439324913
179980,179,-0.09750233590602875,0.5797371864318848,-0.09758643805980682,0.571434736251831,-0.32671675086021423,0.47075656056404114,-0.26023784279823303,0.5301109552383423,0.011572467163205147,0.07134711742401123,0.1736978143453598,0.010333919897675514,1.026741623878479,0.7873640060424805,0.6502593159675598,0.8420020937919617,0.01355886459350586,0.056361667811870575,0.082505963742733,0.009768115356564522,6.5656304359436035,5.931000709533691,0.026024590647126297,-0.1288339478246753,-0.16685324670172014,0.5908086879159012,0.32892667880310555,0.24607880130192833
179981,179,-0.10103408992290497,0.5839434266090393,-0.10034938901662827,0.5765929222106934,-0.350204735994339,0.40256795287132263,-0.27505943179130554,0.5132337212562561,0.011380506679415703,0.06360754370689392,0.1647564172744751,0.010293285362422466,1.0279009342193604,0.7868009805679321,0.649486780166626,0.8429508805274963,0.013498987071216106,0.05090794339776039,0.07779835164546967,0.009535951539874077,5.237216949462891,4.833688735961914,0.016334066124260402,-0.12214381405324248,-0.16356397991368885,0.5932694759289201,0.32892667880310555,0.24607880130187548
179982,179,-0.10469494760036469,0.5875065326690674,-0.10331877321004868,0.5813794732093811,-0.36594924330711365,0.3280172049999237,-0.30917659401893616,0.4536479711532593,0.011212187819182873,0.05784850940108299,0.15452063083648682,0.010257626883685589,1.0289376974105835,0.7862566709518433,0.6488470435142517,0.8438786864280701,0.013116131536662579,0.04569598659873009,0.07359267771244049,0.009578878059983253,6.709108352661133,7.406272888183594,0.021971634161723937,-0.10462165602042268,-0.15951147989944908,0.595069097835587,0.45873089960370345,0.1336332888324772
179983,179,-0.1077701598405838,0.5910842418670654,-0.10632804781198502,0.5858463048934937,-0.2803002595901489,0.35596200823783875,-0.31236499547958374,0.42377546429634094,0.011064662598073483,0.05389466881752014,0.14324267208576202,0.010226350277662277,1.029868245124817,0.7856108546257019,0.648354709148407,0.8446442484855652,0.012966405600309372,0.04277554899454117,0.06822282075881958,0.0092582693323493,6.156678199768066,4.728965759277344,0.02887867796012343,-0.08676823104257328,-0.15492417090341173,0.5964054307239115,0.45873089960370345,0.1336332888324243
179984,179,-0.11058742552995682,0.5939574837684631,-0.10978151857852936,0.5894413590431213,-0.26621490716934204,0.2465689480304718,-0.3529033362865448,0.31887343525886536,0.01093513984233141,0.049218256026506424,0.13354849815368652,0.010198872536420822,1.030701994895935,0.7854095697402954,0.647909939289093,0.845061182975769,0.012715457938611507,0.04042207449674606,0.06372389197349548,0.008709629066288471,6.813013553619385,1.1146259307861328,0.01927302722012931,-0.08381307305518652,-0.14967904155403067,0.5972148685281453,0.5935334704735258,0.025660326984948478
179985,179,-0.11307023465633392,0.5953652262687683,-0.11337901651859283,0.5918906331062317,-0.22065888345241547,0.06767066568136215,-0.34637489914894104,0.1876487284898758,0.010821421630680561,0.04671502485871315,0.12323922663927078,0.010174733586609364,1.03150475025177,0.7858166098594666,0.647501528263092,0.8448855876922607,0.012758297845721245,0.03996293619275093,0.05850500613451004,0.007940707728266716,4.578719139099121,-2.757692337036133,0.030518988748728007,-0.06908380075647672,-0.14374370684929488,0.5974714717979945,0.5935334704735258,0.025660326984948478
179986,179,-0.11561520397663116,0.59437495470047,-0.11681237071752548,0.5925748944282532,-0.2538593113422394,-0.20857906341552734,-0.3048582673072815,-0.014917232096195221,0.010721644386649132,0.05307105556130409,0.11310600489377975,0.010153541341423988,1.032153844833374,0.7861848473548889,0.647223949432373,0.8442026376724243,0.012342963367700577,0.045045722275972366,0.054378919303417206,0.007425434421747923,7.578096389770508,-1.9578194618225098,0.05428753990675527,-0.058480009625265714,-0.13726596136421812,0.5973265059047701,0.7333343914125989,-0.07784008424065775
179987,179,-0.1174146831035614,0.5915266275405884,-0.11902981996536255,0.5916141271591187,-0.13334548473358154,-0.3662409484386444,-0.16531217098236084,-0.19300919771194458,0.010634033009409904,0.08837013691663742,0.10101819038391113,0.010134929791092873,1.0325855016708374,0.784533679485321,0.6472317576408386,0.8430963754653931,0.012099321000277996,0.06946845352649689,0.049071647226810455,0.007053549867123365,5.34498929977417,0.5012893676757812,0.09619220373030948,-0.034029667242413936,-0.12993261745009166,0.5965481050623632,0.7333343914125989,-0.07784008424071062
179988,179,-0.1185409352183342,0.5874432921409607,-0.1200907826423645,0.588350236415863,-0.08782494068145752,-0.4359154999256134,-0.052180446684360504,-0.4534638524055481,0.010557005181908607,0.11643465608358383,0.09086644649505615,0.010118559934198856,1.0326762199401855,0.7831619381904602,0.6475281119346619,0.8419948816299438,0.011391532607376575,0.09176094830036163,0.04523507133126259,0.007291640155017376,8.589134216308594,3.4300804138183594,0.12349012019884728,-0.03310243785570681,-0.12218226902876694,0.5954845158766561,0.8781336624208899,-0.1768679448443415
179989,179,-0.11828423291444778,0.5837350487709045,-0.11970646679401398,0.5828495025634766,0.09506575763225555,-0.3394612669944763,0.08865801244974136,-0.6500377655029297,0.010489409789443016,0.1337602585554123,0.0805225595831871,0.010104188695549965,1.0323486328125,0.782526969909668,0.6482345461845398,0.8409234881401062,0.010786131024360657,0.10853913426399231,0.041044484823942184,0.007126840762794018,9.405436515808105,0.17003774642944336,0.1386960657100056,-0.02001254192928531,-0.11340093240455745,0.5937158364282124,0.8781336624208899,-0.1768679448443415
179990,179,-0.11668616533279419,0.5799193978309631,-0.11846443265676498,0.5757833123207092,0.22964537143707275,-0.41240906715393066,0.17135439813137054,-0.7022436857223511,0.0104299271479249,0.13281546533107758,0.07321135699748993,0.010091539472341537,1.0315433740615845,0.783343493938446,0.649302065372467,0.8397539258003235,0.010097067803144455,0.11502014100551605,0.038267750293016434,0.007026451639831066,9.394869804382324,0.4901552200317383,0.12791224047570188,-0.02955475019450532,-0.10433799424643271,0.5917694043549987,1.0279312834984118,-0.27142325482615565
179991,179,-0.11353008449077606,0.5755102634429932,-0.11600050330162048,0.5694224834442139,0.38596266508102417,-0.46426820755004883,0.3160771429538727,-0.5766978859901428,0.010377729311585426,0.139338418841362,0.06738469004631042,0.010080437175929546,1.0303770303726196,0.7845378518104553,0.6506564617156982,0.8384814858436584,0.009614660404622555,0.1205286830663681,0.03589563071727753,0.0068740020506083965,7.382349967956543,0.4692220687866211,0.14123996276249595,-0.031926652080138514,-0.09405868141144788,0.5890551718067375,1.0279312834984118,-0.2714232548261028
179992,179,-0.10929975658655167,0.570557713508606,-0.11211284250020981,0.5640348792076111,0.4662016034126282,-0.5093013644218445,0.46166929602622986,-0.5082401037216187,0.010331901721656322,0.14938561618328094,0.06360158324241638,0.010070683434605598,1.0289970636367798,0.7855814695358276,0.6521318554878235,0.8371036052703857,0.009287849068641663,0.12873099744319916,0.03428502380847931,0.006766788195818663,5.43271541595459,-0.3796052932739258,0.15246514176252166,-0.04025764006430484,-0.08364316671596467,0.5862616772509915,1.1701872978805388,-0.35420844759397646
179993,179,-0.10447663813829422,0.565244197845459,-0.10686582326889038,0.5590055584907532,0.5099464058876038,-0.535358190536499,0.5858384966850281,-0.49448278546333313,0.010291697457432747,0.15897643566131592,0.05984107032418251,0.010062124580144882,1.0273734331130981,0.7866294980049133,0.6538171172142029,0.8356573581695557,0.008717755787074566,0.13762913644313812,0.033146750181913376,0.0066376435570418835,7.722063064575195,-2.8139841556549072,0.16213687295035667,-0.03634991428124841,-0.07181589416951215,0.5826466171091319,1.1827272546451713,-0.3615060141859945
179994,179,-0.09873347729444504,0.5596916675567627,-0.10043017566204071,0.5540415048599243,0.6351630091667175,-0.5686810612678528,0.6916928291320801,-0.5028902888298035,0.010256297886371613,0.16707758605480194,0.055480629205703735,0.010054588317871094,1.0253344774246216,0.7877819538116455,0.6559211015701294,0.834242582321167,0.008033682592213154,0.14507104456424713,0.03184637799859047,0.006780811585485935,7.689392566680908,-0.33569931983947754,0.16971805509256493,-0.028013566125796932,-0.05998862162305822,0.5790315569672718,1.253484170939404,-0.3994142097182454
179995,179,-0.09158100187778473,0.5543897151947021,-0.09290815889835358,0.5490614771842957,0.7741367816925049,-0.508518397808075,0.7922961115837097,-0.502884030342102,0.010225120931863785,0.1747574657201767,0.0520709753036499,0.01004795078188181,1.0227787494659424,0.7888133525848389,0.6584919095039368,0.833081841468811,0.007116798777133226,0.15015676617622375,0.03117329627275467,0.0071057528257369995,9.97154712677002,1.823427677154541,0.17719736905209374,-0.03042731827591641,-0.046582600377504634,0.5745706782465901,1.3425215758611548,-0.447116222923858
179996,179,-0.08262042701244354,0.5500990748405457,-0.08428061753511429,0.544373095035553,0.9707847833633423,-0.38766157627105713,0.9026157855987549,-0.45141667127609253,0.01019779872149229,0.1739538460969925,0.050113823264837265,0.010042131878435612,1.0197356939315796,0.7899587750434875,0.6614459156990051,0.8321163654327393,0.006420678459107876,0.1515088826417923,0.030945587903261185,0.007267510984092951,9.764180183410645,0.8685994148254395,0.1701487458152235,-0.03755943112570234,-0.03315738461889216,0.5700995160173513,1.3425215758611548,-0.447116222923858
179997,179,-0.07224889099597931,0.5464460849761963,-0.07474982738494873,0.5401144027709961,1.0973777770996094,-0.3401795029640198,1.0102934837341309,-0.3928542137145996,0.010173742659389973,0.1698710024356842,0.05335623025894165,0.010037010535597801,1.0163344144821167,0.7913247346878052,0.664499044418335,0.8312761187553406,0.005810657981783152,0.1494920551776886,0.03349543735384941,0.007446572184562683,8.384461402893066,0.29644250869750977,0.15051436924469194,-0.05391363939202516,-0.01826882973418218,0.5649078611303078,1.5073142471463765,-0.5282538810398518
179998,179,-0.060919489711523056,0.5431733131408691,-0.06394062936306,0.5365172624588013,1.1705931425094604,-0.3075025975704193,1.1491425037384033,-0.3235916495323181,0.01015263982117176,0.16478990018367767,0.06073145940899849,0.010032517835497856,1.012606143951416,0.7927265167236328,0.6676322221755981,0.8306631445884705,0.005413453560322523,0.14449816942214966,0.03839269280433655,0.0076500605791807175,7.926201820373535,2.535092830657959,0.14039654510341182,-0.06211831146779896,-0.0031956872627174025,0.559625322319909,1.5073142471463747,-0.5282538810399047
179999,179,-0.048771604895591736,0.5407419800758362,-0.05159879848361015,0.5338256359100342,1.2439725399017334,-0.2020050585269928,1.2935478687286377,-0.22798922657966614,0.010134107433259487,0.15893526375293732,0.0614178292453289,0.01002857182174921,1.0087254047393799,0.7939825057983398,0.6710981130599976,0.8301854729652405,0.00514996936544776,0.13914376497268677,0.03969161957502365,0.007720647845417261,7.620642185211182,0.68389892578125,0.13047855883877968,-0.061551540619418615,0.013167383123319446,0.5537386716714797,1.671013178378493,-0.6049189885339232
180000,180,0.0,0.0,-0.0,-0.0,0.0,0.0,0.0,0.0,0.009999999776482582,0.009999999776482582,0.009999999776482582,0.009999999776482582,1.0819710493087769,1.0819710493087769,0.729764461517334,0.729764461517334,0.018508514389395714,0.018508514389395714,0.006624635774642229,0.006624635774642229,0.0,0.0,0.10755716437585906,-0.06186097389649611,0.029877514907105517,0.5476894817861404,1.6710131783784947,-0.6049189885339232
